0 55.37552224099636
1 51.51889829337597
2 50.48274227976799
3 49.94654697179794
4 49.53710446506739
5 48.58727337419987
6 47.5091846883297
7 48.98300063610077
8 49.1840735077858
9 47.18542688339949
10 48.14104476571083
11 47.74078653752804
12 48.06130035221577
13 46.99852034449577
14 46.55056734383106
15 47.104844748973846
16 46.79266534745693
17 44.75447629392147
18 46.064041167497635
19 45.778368175029755
20 45.98673427850008
21 46.408900372684
22 43.82021064311266
23 46.000104904174805
24 45.41620323061943
25 44.8341031819582
26 45.49727685749531
27 45.18176129460335
28 44.83102960139513
29 43.45762825757265
30 44.6727481931448
31 45.409179642796516
32 45.179634019732475
33 44.07911942899227
34 44.78966309130192
35 44.546776339411736
36 42.85345731675625
37 41.57050683349371
38 43.81882558763027
39 43.90053926408291
40 44.301638171076775
41 43.49191462993622
42 41.74705597758293
43 43.04815635830164
44 42.72903011739254
45 43.812550000846386
46 42.5377981364727
47 41.76329647004604
48 42.872308522462845
49 42.37790723890066
50 43.88091152906418
51 41.519628934562206
52 41.71116654574871
53 41.04311268031597
54 41.25868600606918
55 40.56426103413105
56 40.96660775691271
57 41.80149897933006
58 40.83730209618807
59 40.110112354159355
60 41.375167325139046
61 41.73196414113045
62 40.99794792383909
63 40.467309549450874
64 40.67017802596092
65 39.92514902353287
66 39.5346615165472
67 40.269455291330814
68 40.42381116747856
69 40.69869997352362
70 41.253221556544304
71 40.352118507027626
72 40.977230817079544
73 39.708490274846554
74 38.99022453278303
75 40.968085408210754
76 39.10722769796848
77 39.39742781966925
78 39.976122081279755
79 38.772317707538605
80 40.13469035178423
81 38.39519415795803
82 39.312741696834564
83 40.7564946487546
84 39.29743839800358
85 39.777623035013676
86 39.24619700759649
87 38.472493425011635
88 39.229182079434395
89 39.285449638962746
90 38.73686481267214
91 38.448834128677845
92 39.56813435256481
93 39.29419568181038
94 37.61139825731516
95 37.990106366574764
96 39.905674152076244
97 39.12375911325216
98 39.41416622698307
99 38.230213172733784
100 37.92085990309715
101 38.3061728477478
102 38.073278576135635
103 38.09039859473705
104 38.488085478544235
105 37.74314269423485
106 39.4924171641469
107 36.69064253568649
108 37.976901441812515
109 37.52128513157368
110 37.63879755884409
111 37.343340151011944
112 39.16762187331915
113 36.80981557816267
114 37.55909811705351
115 39.0770688354969
116 38.81089835613966
117 38.955787532031536
118 37.70060686767101
119 38.990117728710175
120 38.52776779234409
121 38.94826316833496
122 38.58355378359556
123 38.76304901391268
124 37.35508469492197
125 37.861443519592285
126 37.73190336674452
127 37.20825169235468
128 36.696167685091496
129 37.58413629233837
130 38.25118649750948
131 36.97457712888718
132 37.098358638584614
133 38.519784048199654
134 37.802133828401566
135 36.89158017933369
136 38.04938592016697
137 37.58934450149536
138 37.17648734152317
139 38.25466977059841
140 36.494942270219326
141 36.50449588894844
142 37.1513664573431
143 39.039880014956
144 37.87671506404877
145 36.91997756808996
146 36.89710220694542
147 38.08385559916496
148 37.70318990200758
149 37.0821099281311
150 37.11304174363613
151 37.244123093783855
152 37.46288453042507
153 36.78469896316528
154 37.317228466272354
155 37.36708916723728
156 37.179519064724445
157 37.288506865501404
158 37.14032071828842
159 37.56113497167826
160 37.13739398121834
161 37.24205755442381
162 37.061742052435875
163 36.942737869918346
164 36.85594577342272
165 36.35474720597267
166 35.99137710779905
167 37.611340798437595
168 36.34489347040653
169 36.653604067862034
170 35.62525890022516
171 35.69060380756855
172 37.65335313975811
173 35.7403372079134
174 37.89259575307369
175 37.0928835645318
176 36.965746358036995
177 36.23341475427151
178 37.35343488305807
179 36.47740022838116
180 36.7725825458765
181 36.77542087435722
182 36.09968473762274
183 37.17233030498028
184 36.724981263279915
185 35.76472391188145
186 37.55341833084822
187 37.48975069820881
188 35.947284422814846
189 35.38974275439978
190 36.395307935774326
191 36.78655568510294
192 35.21916186064482
193 36.235424026846886
194 35.79510033130646
195 35.89674351364374
196 35.71894186735153
197 35.933957286179066
198 36.30232395231724
199 35.408603861927986
200 36.86043468117714
201 35.62420288473368
202 36.66645620018244
203 36.02692001312971
204 36.89600556343794
205 36.5308655500412
206 36.144996762275696
207 36.27745705097914
208 35.85236283391714
209 36.368640065193176
210 35.19763783365488
211 35.99133998900652
212 35.71695188432932
213 35.49896728992462
214 35.570092618465424
215 35.79043227434158
216 36.0506326854229
217 34.662974163889885
218 37.21963395923376
219 36.33708617091179
220 35.408292166888714
221 35.898821182549
222 35.35903583467007
223 33.81189078837633
224 35.83560376614332
225 35.630212530493736
226 35.72177188843489
227 35.11208979785442
228 36.17432837188244
229 36.504732824862
230 37.589651979506016
231 35.79720450937748
232 35.2506450638175
233 34.668542236089706
234 35.35138264298439
235 36.95786265283823
236 35.15219985693693
237 35.196152187883854
238 35.02618449926376
239 35.08823975175619
240 34.94723955541849
241 35.72681590914726
242 35.030271485447884
243 35.38779991865158
244 35.1621902436018
245 35.22419046610594
246 35.37378204613924
247 33.456460647284985
248 35.613367073237896
249 35.569375440478325
250 35.3615115955472
251 35.250224173069
252 36.83274595439434
253 35.509271785616875
254 34.93437097221613
255 34.782035909593105
256 35.39844984561205
257 35.60381264984608
258 34.078159995377064
259 34.89557781815529
260 35.91057662665844
261 35.80527813732624
262 35.90712344646454
263 34.923903837800026
264 35.81818442046642
265 35.07824549078941
266 35.43825690448284
267 34.58592526614666
268 34.502595625817776
269 35.85221166908741
270 35.225498005747795
271 34.223148226737976
272 35.27725964784622
273 34.75785645097494
274 34.39631908386946
275 35.33641290664673
276 35.23231016099453
277 34.60851953923702
278 35.50960673391819
279 36.631271593272686
280 36.358314640820026
281 34.5987478941679
282 35.837210200726986
283 35.22671038657427
284 36.617817394435406
285 35.863561168313026
286 35.38576667010784
287 34.51430418342352
288 34.18474821746349
289 37.21119316667318
290 35.42392551153898
291 34.90908267349005
292 35.39970896393061
293 34.6440459638834
294 33.66799536347389
295 35.64631649106741
296 35.47658208012581
297 34.19017753750086
298 35.113919369876385
299 34.60341767221689
300 35.03100035339594
301 35.526656448841095
302 34.07880265265703
303 36.14514774084091
304 33.77496284991503
305 35.71197973936796
306 35.58496781438589
307 34.88514927774668
308 35.99553528428078
309 35.075996451079845
310 35.0278836786747
311 34.09190785139799
312 34.41901734471321
313 35.669042997062206
314 35.75609655678272
315 33.31269107758999
316 35.14596105366945
317 34.601294942200184
318 34.122507624328136
319 34.52284111827612
320 35.38442263752222
321 34.153830759227276
322 36.122518599033356
323 35.298831298947334
324 34.802261643111706
325 35.10985364764929
326 33.95667161792517
327 34.563406616449356
328 34.703906916081905
329 34.95451760292053
330 35.44743553549051
331 34.22763562947512
332 34.36685597151518
333 34.58991230279207
334 34.40046436339617
335 35.417931504547596
336 34.659708105027676
337 34.50127924233675
338 34.8295284062624
339 34.34221374988556
340 35.55040688812733
341 35.5541977211833
342 33.57513090968132
343 34.797108486294746
344 34.223998948931694
345 35.00572168081999
346 34.31376814842224
347 33.96571326255798
348 33.67541232705116
349 34.163209311664104
350 33.907270446419716
351 34.4563177600503
352 33.72780652344227
353 34.91679693758488
354 35.383053965866566
355 35.32081561535597
356 34.354533553123474
357 34.88512873649597
358 33.95887543261051
359 34.24614815413952
360 35.06847136467695
361 33.82891181856394
362 34.72786696255207
363 34.30966754257679
364 34.08793568611145
365 35.72486433386803
366 33.298514768481255
367 34.473121501505375
368 33.88874043524265
369 35.09439197182655
370 34.174584716558456
371 34.456003077328205
372 35.340420961380005
373 33.31492542475462
374 33.68716153502464
375 33.83741109073162
376 33.45585651695728
377 34.14326881617308
378 34.47523111104965
379 34.88054005801678
380 34.231536254286766
381 33.796142019331455
382 34.71536583453417
383 32.95967324823141
384 34.09084336459637
385 34.09346593171358
386 34.791144609451294
387 34.41761838644743
388 33.78048424422741
389 35.027196273207664
390 33.32497435808182
391 33.838901683688164
392 34.54338651150465
393 32.99122164398432
394 34.65541774779558
395 33.82189166545868
396 33.7510042488575
397 32.718393459916115
398 33.287857837975025
399 33.673061825335026
400 33.129170425236225
401 33.37589357793331
402 35.32026590406895
403 35.02596567571163
404 34.2955856770277
405 34.30158297717571
406 33.78071164339781
407 34.34138998389244
408 36.24924208968878
409 33.59402471780777
410 33.53403299301863
411 33.7616932913661
412 34.24176350980997
413 35.13762155175209
414 35.11363484710455
415 34.03816067427397
416 33.10223235934973
417 34.266819536685944
418 34.61637542396784
419 34.295925714075565
420 33.96608743816614
421 33.3666926920414
422 34.2267267331481
423 33.16044330596924
424 32.50939030200243
425 33.24205809086561
426 34.30292088538408
427 34.130764938890934
428 34.03871111571789
429 33.31773219257593
430 34.96544621139765
431 34.39486800134182
432 33.50163681805134
433 33.10583530366421
434 32.568665236234665
435 33.497582763433456
436 32.86043256521225
437 33.34469889104366
438 34.12115269899368
439 32.39791125804186
440 33.827650256454945
441 33.48241297900677
442 32.83389873057604
443 33.64923541992903
444 34.4820149987936
445 34.27460862696171
446 34.24915447831154
447 33.50703474134207
448 33.32027307152748
449 33.00917345285416
450 34.17400033771992
451 33.938291780650616
452 34.57677172124386
453 33.482424691319466
454 33.11325751245022
455 34.10291627049446
456 33.69403063505888
457 32.85665337741375
458 33.44443353265524
459 33.89018747955561
460 33.212650783360004
461 33.83762273192406
462 33.88164687156677
463 33.33941196650267
464 33.83684852719307
465 33.39706587791443
466 33.76286543160677
467 32.78283063322306
468 33.746412709355354
469 33.94011038541794
470 33.482371270656586
471 34.141522370278835
472 32.41523586958647
473 34.354409985244274
474 33.08205362409353
475 33.8138003051281
476 34.46289064735174
477 33.473968148231506
478 34.178437665104866
479 33.14356156438589
480 34.60749740153551
481 35.5971547216177
482 33.946083568036556
483 34.11329942941666
484 33.658728286623955
485 33.491313092410564
486 33.866877004504204
487 33.75169691443443
488 34.755804657936096
489 32.964717864990234
490 33.82775837928057
491 32.55244055390358
492 32.63191571831703
493 33.04265756160021
494 33.75597331672907
495 32.91615501046181
496 35.67543088644743
497 34.287801675498486
498 32.81078294664621
499 33.70057141035795
500 34.25925124436617
501 33.43170569837093
502 33.662691816687584
503 31.91536743938923
504 33.400425896048546
505 31.924018874764442
506 34.00099482387304
507 32.912604577839375
508 33.82542039453983
509 34.42514830082655
510 32.73335741460323
511 33.34179135411978
512 32.77244248241186
513 33.38029419630766
514 33.172057054936886
515 32.35895696282387
516 32.53731023520231
517 33.49195995181799
518 33.220364674925804
519 33.05752982199192
520 33.99140069633722
521 33.043580666184425
522 31.79108102619648
523 33.80005931854248
524 32.82296983897686
525 33.09861692786217
526 32.9591660797596
527 33.79864174127579
528 33.075262524187565
529 33.05105894804001
530 34.24632149934769
531 32.7050753980875
532 34.96911013126373
533 33.50372813642025
534 32.9557960703969
535 32.21492384374142
536 34.316975586116314
537 33.23693111538887
538 33.427358984947205
539 33.74119005352259
540 33.99946750700474
541 33.738421231508255
542 34.01745843142271
543 31.980727523565292
544 34.17581347376108
545 33.04173509031534
546 32.55324840545654
547 33.39474857598543
548 33.779564663767815
549 36.326674811542034
550 32.351310543715954
551 34.368081115186214
552 33.41194423288107
553 32.82726352661848
554 33.61079402267933
555 34.68889985233545
556 33.38873107731342
557 34.0854918807745
558 33.32764758914709
559 32.31085914373398
560 32.82604902982712
561 32.53510879725218
562 32.68285809457302
563 32.803636617958546
564 33.90963637828827
565 34.53144629299641
566 32.08148214221001
567 32.47783996909857
568 33.32407224923372
569 32.469268187880516
570 33.13551866263151
571 33.32820649445057
572 33.3160804361105
573 33.77428671717644
574 33.309149242937565
575 32.93229842931032
576 32.70808207243681
577 32.85025555640459
578 33.5057982057333
579 32.240965969860554
580 32.30931790918112
581 32.16515139490366
582 32.186687119305134
583 33.66913294792175
584 34.254878997802734
585 32.89467050135136
586 33.279826268553734
587 32.82739654928446
588 31.91377029567957
589 33.14563591778278
590 33.16448496282101
591 33.267070196568966
592 33.17645891755819
593 32.305272571742535
594 31.813245683908463
595 32.578448779881
596 32.93444634974003
597 33.1812119781971
598 32.704137325286865
599 33.67711639404297
600 32.50541868060827
601 33.87003663927317
602 33.48935393244028
603 34.390056282281876
604 32.66891127824783
605 32.41685605049133
606 32.80810836702585
607 33.568635538220406
608 33.658309906721115
609 33.550698667764664
610 33.32883029431105
611 32.59243384748697
612 33.0891729593277
613 33.78470014035702
614 33.247767113149166
615 32.45321826636791
616 33.0438736602664
617 32.92746087908745
618 33.01566765457392
619 33.317877635359764
620 33.37083389610052
621 32.540619023144245
622 33.637519881129265
623 32.92450275272131
624 32.76846067607403
625 33.55472119897604
626 32.057271875441074
627 32.8118482530117
628 33.379265159368515
629 33.001680582761765
630 34.614791713654995
631 33.09272060543299
632 32.94683985412121
633 33.288942627608776
634 33.361127853393555
635 33.174143843352795
636 32.8889239653945
637 33.00719990581274
638 33.09040792286396
639 33.12426054477692
640 33.78575275093317
641 32.96044210344553
642 33.47435173392296
643 32.850031673908234
644 33.41521297395229
645 33.205284893512726
646 33.963691636919975
647 31.90125908702612
648 33.03949262201786
649 33.31558624655008
650 33.23490197211504
651 33.07975498586893
652 33.079738199710846
653 33.06262640655041
654 33.63073052465916
655 32.025767244398594
656 33.62958092242479
657 33.108237124979496
658 32.96716174483299
659 32.90317130833864
660 33.94283050298691
661 34.2483781427145
662 33.519164972007275
663 33.23184137791395
664 33.86365321278572
665 33.201554752886295
666 32.932715483009815
667 33.51401652395725
668 33.8596695959568
669 32.548691250383854
670 34.10379080474377
671 33.197510220110416
672 34.04209662228823
673 35.49631159752607
674 33.85503016412258
675 33.01066941767931
676 32.32996676117182
677 33.502332620322704
678 32.22509232163429
679 32.90073090046644
680 32.695958249270916
681 32.38294941186905
682 34.42270589619875
683 32.63593827933073
684 33.5910781994462
685 33.32779774814844
686 34.0405678153038
687 33.78085354715586
688 33.30793046206236
689 33.0996373668313
690 32.79256474971771
691 31.893884368240833
692 33.48289058357477
693 32.76630510389805
694 33.19634145498276
695 33.953888684511185
696 33.14075594395399
697 32.776625104248524
698 32.51953508704901
699 32.78310441225767
700 33.50701669603586
701 32.868215046823025
702 32.0519670471549
703 31.920306511223316
704 33.175642751157284
705 32.53574059903622
706 34.144122429192066
707 31.744875609874725
708 33.08084521442652
709 32.54341883957386
710 31.935925260186195
711 31.8587386906147
712 34.031975612044334
713 32.54465249180794
714 32.80104856938124
715 31.90535642951727
716 32.531054101884365
717 33.03116610646248
718 32.223284140229225
719 32.88798313587904
720 32.17718128859997
721 31.829697623848915
722 32.61331854015589
723 32.78114239871502
724 32.69305197149515
725 33.79309220612049
726 33.03525336831808
727 32.11563649773598
728 32.66858799010515
729 32.55963745713234
730 32.40812838077545
731 33.4880313500762
732 32.839683927595615
733 31.89703980833292
734 32.22114935517311
735 33.202413372695446
736 32.71470934152603
737 33.31242222338915
738 31.753949284553528
739 33.18357937783003
740 32.22638464719057
741 33.11994858086109
742 32.85492821037769
743 32.58619190007448
744 31.63258036226034
745 32.424744091928005
746 32.25388325750828
747 32.231086663901806
748 33.0988552197814
749 32.44484809786081
750 31.222870729863644
751 33.221140436828136
752 33.01336672157049
753 34.01083101332188
754 32.29823844879866
755 32.14421484619379
756 32.39411339908838
757 33.30097559839487
758 35.57143002003431
759 33.51586905121803
760 33.03306620568037
761 32.10551714897156
762 33.53325147181749
763 32.78385275602341
764 31.72954920679331
765 32.77782241255045
766 33.03378237038851
767 33.63486009836197
768 32.602861143648624
769 32.5310440659523
770 33.84328030049801
771 34.48117574304342
772 33.99739212542772
773 31.531568378210068
774 31.6378393471241
775 32.504601925611496
776 33.681207075715065
777 33.48590360581875
778 32.365169160068035
779 32.99671795219183
780 32.79182944446802
781 31.923719741404057
782 31.84831652790308
783 32.47885179519653
784 32.868330642580986
785 33.609752878546715
786 32.31042452156544
787 33.22837133705616
788 32.889028780162334
789 31.50654823333025
790 32.30413120239973
791 31.685005262494087
792 32.76872733235359
793 32.98261056095362
794 33.078180730342865
795 32.718014135956764
796 33.4299238845706
797 32.90641915798187
798 32.57262685894966
799 32.40744111686945
800 31.454833082854748
801 32.856457844376564
802 32.199049919843674
803 33.19700773060322
804 32.35724626481533
805 31.867934055626392
806 32.284328751266
807 32.20187406986952
808 32.6144138649106
809 32.81834518164396
810 32.580859422683716
811 31.98786450177431
812 31.27345284819603
813 33.323339246213436
814 32.979563400149345
815 33.09504035115242
816 33.72700075805187
817 32.00100391358137
818 32.34488093852997
819 33.370961874723434
820 33.537955053150654
821 32.23822297900915
822 31.907664090394974
823 33.85902977734804
824 31.94349056482315
825 32.403900288045406
826 33.27921664714813
827 32.58284080773592
828 32.844683185219765
829 33.05775398015976
830 33.551597602665424
831 32.68987534195185
832 32.748602733016014
833 33.20510572940111
834 31.920289799571037
835 32.52947822958231
836 33.3780113607645
837 31.990401454269886
838 32.13056682050228
839 32.208221197128296
840 31.656126402318478
841 32.433280184865
842 32.61969817429781
843 32.60942143946886
844 32.29556204378605
845 33.120264418423176
846 31.93648575991392
847 34.1961939111352
848 32.85979598760605
849 31.801693499088287
850 33.6203540712595
851 33.11657761782408
852 32.323254466056824
853 31.233942665159702
854 32.015849985182285
855 32.52166564017534
856 31.86121252924204
857 32.07249328494072
858 31.79452546685934
859 32.25711191445589
860 32.31735663115978
861 32.7022045776248
862 32.12985698133707
863 32.41738976538181
864 34.39491479098797
865 32.00304547697306
866 32.90921928733587
867 33.04676138609648
868 32.59862615913153
869 32.14858780056238
870 33.40925233066082
871 32.75981247425079
872 32.4573715031147
873 33.161732755601406
874 33.12319681793451
875 33.50650881230831
876 33.08005676418543
877 32.16849081218243
878 32.924163676798344
879 32.61157002300024
880 32.72632296383381
881 32.04125867038965
882 32.20845349133015
883 31.277631253004074
884 32.67191220074892
885 33.237809769809246
886 32.751912511885166
887 32.49804499000311
888 32.76580809801817
889 33.58389629423618
890 32.1708048209548
891 33.949098862707615
892 32.22180708497763
893 32.289147056639194
894 31.695393420755863
895 31.99604795873165
896 33.28960958868265
897 32.21967488527298
898 32.663547433912754
899 31.284157305955887
900 32.44982884079218
901 31.66228326410055
902 32.08178001642227
903 32.10759864002466
904 32.50007360428572
905 33.523510575294495
906 33.547642804682255
907 33.43503983318806
908 32.16221276670694
909 32.75743343681097
910 31.773908272385597
911 32.23306830227375
912 32.82530343532562
913 32.66467469185591
914 33.3284677863121
915 31.300463519990444
916 32.3175348713994
917 31.935284584760666
918 31.676003709435463
919 32.50035206973553
920 30.81911823898554
921 31.76128624379635
922 33.49826408177614
923 33.30512893199921
924 32.586744867265224
925 33.29058417677879
926 32.35966854542494
927 32.441302590072155
928 31.538264639675617
929 31.538783602416515
930 31.44267626106739
931 33.84574654698372
932 33.55613527446985
933 32.84180476516485
934 31.245331913232803
935 32.420531049370766
936 31.386388711631298
937 33.608444944024086
938 31.890749119222164
939 32.51533921062946
940 31.749956756830215
941 31.673772558569908
942 31.554820492863655
943 32.32512844353914
944 32.42688085883856
945 32.390574522316456
946 32.59505828469992
947 32.583530731499195
948 33.332759752869606
949 31.195991158485413
950 32.43670440465212
951 32.64326999336481
952 31.781003549695015
953 33.46642082929611
954 32.77805653214455
955 33.20067176222801
956 32.12457335740328
957 31.657661214470863
958 32.26040529459715
959 32.66034695506096
960 31.75958003848791
961 33.40674115717411
962 33.232997849583626
963 32.13349270820618
964 32.91725153476
965 32.19689441472292
966 31.429606191813946
967 31.894240498542786
968 31.379794999957085
969 31.0880139619112
970 31.36848922818899
971 31.636907823383808
972 31.86385616660118
973 32.32012718170881
974 33.33059512078762
975 31.853919468820095
976 33.38551094383001
977 32.6801046654582
978 31.55575603991747
979 32.54689844697714
980 32.46394236385822
981 31.87753003835678
982 32.47809701412916
983 32.75334734469652
984 32.5222140327096
985 32.26132867485285
986 32.35695845633745
987 32.92108443379402
988 33.050817899405956
989 31.991758070886135
990 32.52483481168747
991 33.20961155742407
992 33.02982297539711
993 32.373156405985355
994 32.86181706190109
995 32.15982998162508
996 34.01731748133898
997 32.580003477633
998 31.92202251777053
999 32.56146797537804
1000 32.88729587942362
1001 32.703927539289
1002 33.51538283377886
1003 32.47212145477533
1004 33.282228738069534
1005 33.326789669692516
1006 33.375577956438065
1007 32.36901982873678
1008 31.66601437330246
1009 31.02445214241743
1010 32.701390750706196
1011 31.474277697503567
1012 32.36335900425911
1013 32.90221055597067
1014 33.19909731298685
1015 32.839816093444824
1016 32.07237320393324
1017 32.62692078948021
1018 32.3711014688015
1019 32.27181334793568
1020 31.827039666473866
1021 31.668883308768272
1022 32.7853582277894
1023 33.10099598765373
1024 32.24174623191357
1025 33.54609352350235
1026 33.300220131874084
1027 32.23698038607836
1028 32.54293140023947
1029 31.983055971562862
1030 31.788029089570045
1031 31.88619515299797
1032 32.09012308716774
1033 31.855745814740658
1034 32.331534035503864
1035 31.520950563251972
1036 30.96594885736704
1037 31.218165285885334
1038 32.17645289003849
1039 31.4760804399848
1040 32.238026328384876
1041 32.93760363012552
1042 32.92127177864313
1043 32.23411241918802
1044 31.96317385137081
1045 32.071171671152115
1046 32.0576459094882
1047 30.803588055074215
1048 33.81042981147766
1049 32.440286599099636
1050 32.800708286464214
1051 30.59142193198204
1052 31.29826258867979
1053 31.910198979079723
1054 31.941676810383797
1055 32.069569155573845
1056 31.954359613358974
1057 32.54388599842787
1058 32.201753586530685
1059 32.67808870971203
1060 31.87011808156967
1061 32.64929600059986
1062 32.024467557668686
1063 31.498282745480537
1064 31.875415354967117
1065 34.29827564954758
1066 32.72359153628349
1067 31.659847021102905
1068 32.58683083951473
1069 33.31163998693228
1070 32.03773322701454
1071 31.853992260992527
1072 30.71189594268799
1073 31.817598685622215
1074 31.857357412576675
1075 32.25963223725557
1076 32.54113734513521
1077 31.866343542933464
1078 32.97231847792864
1079 31.896290354430676
1080 32.647034235298634
1081 33.22262837737799
1082 31.69505074620247
1083 31.982894703745842
1084 31.31217745691538
1085 33.337185360491276
1086 32.972124703228474
1087 31.543978340923786
1088 32.74119013547897
1089 31.51899801939726
1090 32.14813586324453
1091 31.451986886560917
1092 31.007040731608868
1093 31.533720314502716
1094 31.400222785770893
1095 33.16401060670614
1096 31.183662585914135
1097 32.346266992390156
1098 33.053777411580086
1099 32.19638503342867
1100 32.25952961295843
1101 31.327902145683765
1102 31.427105210721493
1103 32.506856329739094
1104 31.438020780682564
1105 31.567714527249336
1106 32.507202841341496
1107 32.654159769415855
1108 33.03787084668875
1109 32.42735078185797
1110 31.828555092215538
1111 32.30041817575693
1112 32.75191208720207
1113 32.16241919249296
1114 32.258855022490025
1115 30.92203487455845
1116 33.14145868271589
1117 32.78977932035923
1118 32.39003900438547
1119 32.291145510971546
1120 31.24218127131462
1121 32.28873976320028
1122 31.919506892561913
1123 31.068013198673725
1124 31.639054097235203
1125 32.118227027356625
1126 32.71011467278004
1127 31.40828036516905
1128 30.40678048878908
1129 31.702586881816387
1130 33.21087522059679
1131 33.1798430532217
1132 33.07339756190777
1133 31.52329082041979
1134 31.60676182806492
1135 31.33073052018881
1136 31.530626632273197
1137 32.02639776468277
1138 31.746415369212627
1139 32.50157067924738
1140 32.741431787610054
1141 32.719677574932575
1142 32.19540800899267
1143 33.62933076918125
1144 32.464638605713844
1145 32.503466971218586
1146 32.31703005731106
1147 31.98597837984562
1148 32.47533179074526
1149 31.025807596743107
1150 32.27042808383703
1151 32.06797019392252
1152 34.177714705467224
1153 33.07900998741388
1154 31.64810636639595
1155 31.608005978167057
1156 32.480947598814964
1157 32.70860431343317
1158 32.163397803902626
1159 31.252582296729088
1160 31.56581063568592
1161 31.96521120518446
1162 32.3272949308157
1163 33.85737914592028
1164 31.641682639718056
1165 32.21728340536356
1166 31.938315086066723
1167 32.441738210618496
1168 32.47301232814789
1169 32.094482474029064
1170 31.849803008139133
1171 31.62663993984461
1172 32.11949956417084
1173 32.24378538131714
1174 32.45369832217693
1175 30.826330788433552
1176 32.10833020508289
1177 32.69503550976515
1178 32.81339458376169
1179 33.614204220473766
1180 31.85088124871254
1181 31.62476245313883
1182 31.71636403352022
1183 31.765191718935966
1184 32.09060978889465
1185 32.00961996614933
1186 33.32362946122885
1187 32.306427881121635
1188 32.214797131717205
1189 31.67407028377056
1190 33.16901909559965
1191 31.991347454488277
1192 31.49792804569006
1193 32.46325496584177
1194 32.43374718725681
1195 32.16242039948702
1196 32.09510716795921
1197 32.152826346457005
1198 31.093369409441948
1199 32.22077430039644
1200 32.24064780026674
1201 31.97523643821478
1202 30.762265406548977
1203 31.746254727244377
1204 32.59241669625044
1205 32.29796567559242
1206 33.26062360405922
1207 33.006091728806496
1208 31.77639852464199
1209 31.651449978351593
1210 31.146729178726673
1211 32.514527916908264
1212 31.447225920856
1213 31.958312153816223
1214 32.80491383373737
1215 32.293557316064835
1216 32.27041955292225
1217 32.43984557688236
1218 32.2117318585515
1219 31.848028659820557
1220 30.927765622735023
1221 31.947965167462826
1222 31.971911914646626
1223 32.244238302111626
1224 32.422307670116425
1225 32.786517173051834
1226 33.78489539027214
1227 32.6017876341939
1228 32.34836437553167
1229 31.73509082943201
1230 31.53018943965435
1231 31.374323703348637
1232 32.453772716224194
1233 31.27825228124857
1234 31.743591129779816
1235 32.86473969370127
1236 30.572276040911674
1237 32.202798172831535
1238 32.45475273579359
1239 31.466153226792812
1240 32.36210949718952
1241 31.723437182605267
1242 31.579921282827854
1243 32.169660568237305
1244 32.04270897805691
1245 32.31687559187412
1246 31.619024828076363
1247 31.169138982892036
1248 32.70345013588667
1249 31.79609902203083
1250 31.089202225208282
1251 31.764835946261883
1252 31.374521233141422
1253 31.556252405047417
1254 31.34374412149191
1255 33.02179213613272
1256 31.74577685445547
1257 30.848932333290577
1258 32.96882948279381
1259 32.15104566514492
1260 32.60664217919111
1261 32.145187593996525
1262 31.725236028432846
1263 31.984314888715744
1264 30.618057668209076
1265 31.233559802174568
1266 31.640557445585728
1267 32.962816208601
1268 31.988304875791073
1269 33.16101872175932
1270 31.44240093231201
1271 32.189076974987984
1272 31.48836512118578
1273 31.652853086590767
1274 31.900206476449966
1275 32.03206691145897
1276 31.891440078616142
1277 31.924155369400978
1278 31.12240543216467
1279 31.87064143270254
1280 31.67939994484186
1281 31.138066425919533
1282 31.397115364670753
1283 30.822314076125622
1284 32.69031239300966
1285 31.505658335983753
1286 32.37424962967634
1287 31.04745354503393
1288 32.658069007098675
1289 32.17029704898596
1290 31.756009504199028
1291 32.5034559071064
1292 32.49482788145542
1293 32.23446640372276
1294 30.835849821567535
1295 31.475201919674873
1296 31.91929380595684
1297 31.349823623895645
1298 32.926977537572384
1299 32.2575394064188
1300 32.05632296204567
1301 32.18312496691942
1302 31.36809180676937
1303 32.56021646410227
1304 31.981306180357933
1305 32.26443526893854
1306 32.25791920721531
1307 31.008329272270203
1308 31.265923090279102
1309 32.543168269097805
1310 32.96983712911606
1311 31.517565973103046
1312 31.695779643952847
1313 30.96440790593624
1314 31.954976737499237
1315 32.7679630368948
1316 32.04510750621557
1317 31.640976548194885
1318 32.269308261573315
1319 32.41843516379595
1320 31.995006039738655
1321 32.594188660383224
1322 32.3506303280592
1323 31.864735461771488
1324 31.391654677689075
1325 30.117885790765285
1326 31.537750117480755
1327 31.46855264902115
1328 31.333671927452087
1329 32.83520836383104
1330 32.188658095896244
1331 32.12811583280563
1332 32.911352813243866
1333 32.803717605769634
1334 31.572658449411392
1335 32.72659249603748
1336 32.005034260451794
1337 31.233314089477062
1338 31.51447980105877
1339 32.936605490744114
1340 32.73706281930208
1341 31.88509714603424
1342 32.546861439943314
1343 30.364659771323204
1344 32.98826192319393
1345 33.35001798719168
1346 31.960863202810287
1347 32.82330459356308
1348 31.390348181128502
1349 30.914219431579113
1350 31.33717516809702
1351 31.864789880812168
1352 32.0985459163785
1353 31.142588406801224
1354 32.567112773656845
1355 31.435656383633614
1356 32.84925542026758
1357 32.02812545746565
1358 30.66389736533165
1359 32.45258595794439
1360 34.322817243635654
1361 34.70294401049614
1362 32.7355974316597
1363 32.40653170645237
1364 32.29174432903528
1365 31.522839583456516
1366 31.130579747259617
1367 33.01858066767454
1368 31.501664489507675
1369 32.53392784297466
1370 31.90623313933611
1371 30.772393971681595
1372 32.27437736093998
1373 33.707117430865765
1374 30.963776722550392
1375 32.22457465529442
1376 32.307403691112995
1377 31.390611454844475
1378 31.726852722465992
1379 30.542582139372826
1380 32.076315492391586
1381 31.256146632134914
1382 30.952558524906635
1383 32.08811720460653
1384 32.808035649359226
1385 32.072824113070965
1386 33.496100932359695
1387 31.740442872047424
1388 31.71905516833067
1389 32.064804926514626
1390 33.62643250823021
1391 31.24372958391905
1392 32.48826718330383
1393 31.70607714354992
1394 32.131864845752716
1395 32.26582110673189
1396 33.08449983596802
1397 31.1359785720706
1398 32.074549183249474
1399 30.03515711426735
1400 32.50088696181774
1401 31.53276950865984
1402 31.113987617194653
1403 31.63754014670849
1404 31.87723734974861
1405 32.73768173903227
1406 31.4753005951643
1407 32.33684499561787
1408 31.60944876074791
1409 31.727379240095615
1410 30.950704462826252
1411 31.797199591994286
1412 32.10034006088972
1413 31.94973812252283
1414 31.718531548976898
1415 31.636472329497337
1416 31.74151488393545
1417 31.74143163114786
1418 32.866177290678024
1419 31.427108451724052
1420 32.42198870331049
1421 31.735778383910656
1422 32.25381854176521
1423 32.94302839040756
1424 32.6821588203311
1425 32.097898095846176
1426 31.720690824091434
1427 31.264840431511402
1428 31.93969938158989
1429 31.51311656087637
1430 32.78294538706541
1431 31.605639189481735
1432 31.46067976951599
1433 32.27421096712351
1434 30.866209618747234
1435 31.194095976650715
1436 31.420990876853466
1437 31.963229581713676
1438 31.542482681572437
1439 32.5778456479311
1440 31.408751778304577
1441 30.951754294335842
1442 31.85515622794628
1443 30.874039366841316
1444 32.04966939240694
1445 32.56588629633188
1446 30.831964574754238
1447 31.524665385484695
1448 31.15951181203127
1449 32.41708502918482
1450 31.606353126466274
1451 32.086040802299976
1452 32.523764692246914
1453 32.090200774371624
1454 31.358983129262924
1455 32.113231517374516
1456 31.73048686981201
1457 31.661169655621052
1458 31.487570233643055
1459 32.54486244916916
1460 31.669201500713825
1461 32.62515803426504
1462 32.53906115144491
1463 31.401155926287174
1464 31.481989286839962
1465 31.613875567913055
1466 31.921979017555714
1467 33.07319875061512
1468 31.421728990972042
1469 32.1062540858984
1470 32.23903036862612
1471 30.978566095232964
1472 31.035910971462727
1473 30.73849742859602
1474 32.17788998782635
1475 32.285741575062275
1476 33.25116469711065
1477 31.829939231276512
1478 30.468615993857384
1479 31.427488937973976
1480 32.081456542015076
1481 30.62428142130375
1482 31.485176600515842
1483 31.85616911202669
1484 31.599697433412075
1485 31.083971202373505
1486 30.57459146529436
1487 32.7931322157383
1488 31.99103631079197
1489 32.26612972468138
1490 31.678805850446224
1491 31.804041422903538
1492 31.631419755518436
1493 31.816239327192307
1494 33.21350688487291
1495 30.88368135690689
1496 30.422866262495518
1497 31.995309591293335
1498 31.771825276315212
1499 30.16904665529728
1500 34.05286501348019
1501 31.744165003299713
1502 31.761914536356926
1503 31.98028691112995
1504 31.477767124772072
1505 32.07415019720793
1506 30.65937601029873
1507 29.89929372817278
1508 31.61428079754114
1509 31.22862195968628
1510 31.993074394762516
1511 31.757572516798973
1512 30.230690494179726
1513 29.724824137985706
1514 30.735556565225124
1515 31.719750627875328
1516 30.957469284534454
1517 31.894797779619694
1518 31.079064428806305
1519 31.233817063272
1520 31.39220540970564
1521 32.79720398783684
1522 30.92872880399227
1523 31.34629398584366
1524 31.30797989666462
1525 31.338213212788105
1526 31.8240722194314
1527 31.227977111935616
1528 31.95027519017458
1529 31.06973683089018
1530 30.86217663437128
1531 32.88272925466299
1532 30.714820474386215
1533 31.533840760588646
1534 31.073771610856056
1535 31.006440974771976
1536 31.91014637798071
1537 31.952151142060757
1538 31.35747940838337
1539 31.913182228803635
1540 30.757209047675133
1541 31.103508926928043
1542 31.1964523345232
1543 30.041367515921593
1544 30.908146411180496
1545 32.17893527448177
1546 32.68538300693035
1547 31.422088876366615
1548 31.89550820738077
1549 31.876711033284664
1550 32.29213084280491
1551 30.914035320281982
1552 31.197391107678413
1553 31.872149229049683
1554 31.889544866979122
1555 32.54840794950724
1556 31.56100592762232
1557 30.614086240530014
1558 30.8163445815444
1559 32.348311834037304
1560 30.96473439782858
1561 32.238761104643345
1562 31.08938853442669
1563 31.408856689929962
1564 30.99748182296753
1565 31.53743688762188
1566 31.185733266174793
1567 30.729375548660755
1568 32.84307890385389
1569 30.976927764713764
1570 30.334115505218506
1571 31.594105795025826
1572 31.88399924337864
1573 30.71533015370369
1574 31.273912340402603
1575 30.925807423889637
1576 31.665334306657314
1577 31.165371499955654
1578 31.10220906883478
1579 32.187317095696926
1580 32.4654860123992
1581 31.49501782655716
1582 30.529161877930164
1583 31.421556212008
1584 30.772449977695942
1585 31.146004520356655
1586 31.136691637337208
1587 31.450721845030785
1588 30.9362685829401
1589 32.73870899528265
1590 33.183454394340515
1591 31.275653451681137
1592 30.827806867659092
1593 31.962121978402138
1594 31.749640256166458
1595 30.54773934930563
1596 31.937294989824295
1597 31.28080366551876
1598 32.88863613456488
1599 33.21197856217623
1600 32.02872512489557
1601 32.01740334928036
1602 31.452864579856396
1603 31.429791137576103
1604 30.360489562153816
1605 32.161814130842686
1606 31.020222030580044
1607 31.534363582730293
1608 31.65971015393734
1609 32.00836765766144
1610 31.70610698312521
1611 30.442687273025513
1612 31.173696421086788
1613 32.235677257180214
1614 29.938632652163506
1615 31.576395258307457
1616 31.717195302248
1617 31.82469940930605
1618 30.78055851906538
1619 31.033868961036205
1620 30.405728474259377
1621 31.726349353790283
1622 30.68643929809332
1623 31.38326020538807
1624 30.76439082622528
1625 31.011038057506084
1626 30.82169469445944
1627 32.24352680891752
1628 32.082249984145164
1629 31.151460774242878
1630 31.40750028192997
1631 32.40387324988842
1632 31.504739187657833
1633 31.3375301733613
1634 31.253463476896286
1635 31.442969247698784
1636 31.56410938501358
1637 31.677169889211655
1638 33.53549636155367
1639 31.521148800849915
1640 31.777297638356686
1641 31.55180463194847
1642 32.563419215381145
1643 31.298140659928322
1644 32.17060736566782
1645 32.11643683165312
1646 31.215054601430893
1647 31.36136481165886
1648 32.03837190568447
1649 30.83099727332592
1650 30.68087688833475
1651 31.456856943666935
1652 33.17019011825323
1653 31.38877110183239
1654 31.018560647964478
1655 31.1324624940753
1656 30.310317933559418
1657 32.34625793248415
1658 33.56231503933668
1659 30.559398598968983
1660 31.892121762037277
1661 30.976809106767178
1662 30.880148515105247
1663 31.83457700163126
1664 31.56423483788967
1665 30.58015927672386
1666 30.756417021155357
1667 31.82834429293871
1668 30.54573231935501
1669 30.969650022685528
1670 31.673058539628983
1671 30.86972836405039
1672 32.6482789516449
1673 31.52223601192236
1674 30.888954304158688
1675 31.63435686379671
1676 32.0918030962348
1677 31.404599487781525
1678 30.778097935020924
1679 31.06210347265005
1680 32.46240368485451
1681 31.2472015991807
1682 31.80528523027897
1683 31.148468017578125
1684 30.509212754666805
1685 32.387303195893764
1686 30.65812600404024
1687 31.380289502441883
1688 31.163055278360844
1689 31.305747590959072
1690 30.600667349994183
1691 31.413550853729248
1692 30.923336297273636
1693 31.711935617029667
1694 31.167037062346935
1695 33.188147246837616
1696 32.390536449849606
1697 31.940115064382553
1698 32.16815809905529
