0.5065460801124573 0.0507588982582092 0.2105143070220947 -0.1939156055450439 0.1762036681175232 0.0236239433288574
0.4461341500282288 0.0065761804580688 0.1755505204200745 -0.1723923683166504 0.1832176446914673 0.0114505290985107
0.4176182448863983 -0.0135619640350342 0.1586999595165253 -0.1720683574676514 0.1873126029968262 -0.0021121501922607
0.3940729498863220 -0.0418186187744141 0.1458640098571777 -0.1733891963958740 0.1926460862159729 -0.0172665119171143
0.3701745867729187 -0.0721105337142944 0.1361146271228790 -0.1765971183776855 0.1988497376441956 -0.0331022739410400
0.3386291861534119 -0.0998487472534180 0.1240696907043457 -0.1823511123657227 0.2105169296264648 -0.0483779907226562
0.3101554512977600 -0.1154507398605347 0.1021401584148407 -0.1875679492950439 0.2169485688209534 -0.0519671440124512
0.2706980705261230 -0.1213431954383850 0.0726339221000671 -0.1969161033630371 0.2282870411872864 -0.0547721385955811
0.2261921763420105 -0.1198953986167908 0.0363351702690125 -0.2035353183746338 0.2372221350669861 -0.0510010719299316
0.1876083314418793 -0.1075316071510315 0.0055440962314606 -0.2143285274505615 0.2490677833557129 -0.0461773872375488
0.1514827609062195 -0.0889686346054077 -0.0288900732994080 -0.2156641483306885 0.2548124194145203 -0.0381648540496826
0.1347623467445374 -0.0625410079956055 -0.0481030941009521 -0.2160227298736572 0.2583481669425964 -0.0256993770599365
0.1263785064220428 -0.0322574377059937 -0.0553598999977112 -0.2100150585174561 0.2576786279678345 -0.0134451389312744
0.1425225138664246 0.0033479928970337 -0.0449991822242737 -0.2030947208404541 0.2559939622879028 -0.0014500617980957
0.1509504616260529 0.0368222594261169 -0.0428146123886108 -0.1940376758575439 0.2533795833587646 0.0060422420501709
0.1632791161537170 0.0726163387298584 -0.0347292423248291 -0.1868312358856201 0.2511839866638184 0.0095264911651611
0.1778187453746796 0.1015607714653015 -0.0240184664726257 -0.1864109039306641 0.2499126791954041 0.0088419914245605
0.1844981610774994 0.1238183379173279 -0.0230400562286377 -0.1908042430877686 0.2532627582550049 0.0015430450439453
0.1736479699611664 0.1323076486587524 -0.0429968237876892 -0.1995208263397217 0.2598997950553894 -0.0102136135101318
0.1481454968452454 0.1323651075363159 -0.0786840915679932 -0.2094888687133789 0.2686746716499329 -0.0229408740997314
0.1362404227256775 0.1318392753601074 -0.1044585108757019 -0.2237105369567871 0.2784704566001892 -0.0359818935394287
0.1301800012588501 0.1181765198707581 -0.1334381699562073 -0.2382807731628418 0.2887911200523376 -0.0479905605316162
0.1570080220699310 0.1056909561157227 -0.1356922388076782 -0.2557501792907715 0.3004976511001587 -0.0592589378356934
0.1987185180187225 0.0935752987861633 -0.1196016669273376 -0.2672207355499268 0.3093256354331970 -0.0649862289428711
0.2649983763694763 0.0911087393760681 -0.0631514787673950 -0.2733144760131836 0.3123691082000732 -0.0645201206207275
0.3334878683090210 0.0894439816474915 0.0083920657634735 -0.2750382423400879 0.3104302883148193 -0.0631589889526367
0.3649386167526245 0.0891281366348267 0.0693286955356598 -0.2712349891662598 0.3055292367935181 -0.0645825862884521
0.3782476484775543 0.0839244723320007 0.1158056855201721 -0.2710793018341064 0.3024094104766846 -0.0725543498992920
0.3936771750450134 0.0876349210739136 0.1612964868545532 -0.2769117355346680 0.2944132089614868 -0.0787127017974854
0.4168660342693329 0.0908745527267456 0.1942193806171417 -0.2861797809600830 0.2844146490097046 -0.0833635330200195
0.4444407224655151 0.0955932736396790 0.2127712070941925 -0.2939867973327637 0.2700099349021912 -0.0826320648193359
0.4958885014057159 0.1067893505096436 0.2441961765289307 -0.3030838966369629 0.2556782960891724 -0.0775842666625977
0.5728643536567688 0.1311910152435303 0.2983778119087219 -0.3163378238677979 0.2430509924888611 -0.0670595169067383
0.6005895733833313 0.1517874598503113 0.3121267557144165 -0.3190317153930664 0.2331127524375916 -0.0583670139312744
0.5951721072196960 0.1602993607521057 0.3048524260520935 -0.3128216266632080 0.2268577218055725 -0.0533244609832764
0.5753716826438904 0.1465736031532288 0.2953212261199951 -0.2927744388580322 0.2209250926971436 -0.0470194816589355
0.5269932150840759 0.1170882582664490 0.2670101523399353 -0.2631239891052246 0.2160843014717102 -0.0446381568908691
0.4347182810306549 0.0625553131103516 0.2057949304580688 -0.2247419357299805 0.2139238715171814 -0.0529510974884033
0.3622450530529022 0.0022054314613342 0.1704775094985962 -0.2083709239959717 0.2189185619354248 -0.0758731365203857
0.3028104305267334 -0.0536398291587830 0.1417591273784637 -0.2054064273834229 0.2257245779037476 -0.1008911132812500
0.2496453672647476 -0.0886679887771606 0.1054943799972534 -0.2103524208068848 0.2326637506484985 -0.1110498905181885
0.2075509428977966 -0.1138085722923279 0.0635401308536530 -0.2262775897979736 0.2430239915847778 -0.1141135692596436
0.1679894626140594 -0.1223042607307434 0.0197342038154602 -0.2386574745178223 0.2516332268714905 -0.1072840690612793
0.1530806720256805 -0.1177105903625488 -0.0109691023826599 -0.2559974193572998 0.2606382369995117 -0.0941586494445801
0.1500295102596283 -0.1031225919723511 -0.0279425978660583 -0.2674891948699951 0.2705736160278320 -0.0843915939331055
0.1815968453884125 -0.0822280645370483 -0.0160270929336548 -0.2758841514587402 0.2785193920135498 -0.0696792602539062
0.2335108220577240 -0.0600129365921021 0.0184487402439117 -0.2737679481506348 0.2809691429138184 -0.0522460937500000
0.2846793532371521 -0.0364920496940613 0.0563777685165405 -0.2614111900329590 0.2792612910270691 -0.0369513034820557
0.3354854583740234 -0.0121124386787415 0.0981782376766205 -0.2521557807922363 0.2782396674156189 -0.0269107818603516
0.3472690284252167 0.0090262293815613 0.1122775375843048 -0.2377994060516357 0.2759636640548706 -0.0215420722961426
0.3335495889186859 0.0235457420349121 0.1001424491405487 -0.2227675914764404 0.2710257768630981 -0.0172696113586426
0.2997532486915588 0.0346148610115051 0.0721203982830048 -0.2109410762786865 0.2679966092109680 -0.0178446769714355
0.2671076059341431 0.0444414615631104 0.0404314398765564 -0.2060008049011230 0.2689064741134644 -0.0222187042236328
0.2606155276298523 0.0535197854042053 0.0360487699508667 -0.2083752155303955 0.2701089978218079 -0.0280408859252930
0.2762156724929810 0.0618650317192078 0.0492822527885437 -0.2167415618896484 0.2726392149925232 -0.0345540046691895
0.3272601366043091 0.0701201558113098 0.0940238833427429 -0.2300982475280762 0.2725877165794373 -0.0387737751007080
0.3831939399242401 0.0796862244606018 0.1446281671524048 -0.2455329895019531 0.2726637125015259 -0.0432476997375488
0.4662692546844482 0.0905904769897461 0.2167550325393677 -0.2677040100097656 0.2744652628898621 -0.0478096008300781
0.5194079279899597 0.1047426462173462 0.2670526802539825 -0.2811284065246582 0.2721856832504272 -0.0468428134918213
0.5372626781463623 0.1092985868453979 0.2754052877426147 -0.2875866889953613 0.2700418829917908 -0.0448122024536133
0.5443252325057983 0.1130423545837402 0.2749083042144775 -0.2887713909149170 0.2653568983078003 -0.0404601097106934
0.5590787529945374 0.1134122610092163 0.2786368131637573 -0.2870104312896729 0.2588232755661011 -0.0336403846740723
0.5663679838180542 0.1030424833297729 0.2762243747711182 -0.2755072116851807 0.2483160495758057 -0.0253453254699707
0.5525507926940918 0.0873647928237915 0.2541540265083313 -0.2520661354064941 0.2345166206359863 -0.0101063251495361
0.5942191481590271 0.0840485095977783 0.2858571410179138 -0.2405004501342773 0.2225108146667480 0.0061514377593994
0.5935217738151550 0.0775251388549805 0.2854747176170349 -0.2208549976348877 0.2104821801185608 0.0202243328094482
0.5502412319183350 0.0646447539329529 0.2624260783195496 -0.1937060356140137 0.1996520757675171 0.0275568962097168
0.5030770301818848 0.0454853773117065 0.2346600592136383 -0.1698613166809082 0.1917312741279602 0.0278143882751465
0.4417924880981445 0.0231134295463562 0.1995940804481506 -0.1463196277618408 0.1848832964897156 0.0235548019409180
0.3755930662155151 -0.0160906910896301 0.1590430736541748 -0.1282196044921875 0.1815300583839417 0.0064375400543213
0.3331116735935211 -0.0540195107460022 0.1286484599113464 -0.1267244815826416 0.1800490021705627 -0.0157208442687988
0.3103523850440979 -0.0816374421119690 0.0986334085464478 -0.1337575912475586 0.1756942868232727 -0.0316543579101562
0.3081850707530975 -0.0966954231262207 0.0778462588787079 -0.1450741291046143 0.1713862419128418 -0.0354995727539062
0.3176305294036865 -0.1034597754478455 0.0655941963195801 -0.1619808673858643 0.1721004843711853 -0.0306875705718994
0.3178060352802277 -0.1022182703018188 0.0497286915779114 -0.1703519821166992 0.1758092045783997 -0.0190122127532959
0.3176134824752808 -0.0946180224418640 0.0401951968669891 -0.1739273071289062 0.1817734241485596 -0.0024337768554688
0.3421849310398102 -0.0807486176490784 0.0615823566913605 -0.1812682151794434 0.1919111013412476 0.0109660625457764
0.3637450337409973 -0.0675424933433533 0.0872450172901154 -0.1857182979583740 0.2021629810333252 0.0176312923431396
0.3924916982650757 -0.0522789359092712 0.1209194660186768 -0.1917076110839844 0.2116891145706177 0.0186862945556641
0.4232114553451538 -0.0337698459625244 0.1557404100894928 -0.1914300918579102 0.2166197896003723 0.0190451145172119
0.4712786376476288 -0.0113302469253540 0.2045306861400604 -0.1958854198455811 0.2199190258979797 0.0175104141235352
0.4877191781997681 0.0003566741943359 0.2244067192077637 -0.1970622539520264 0.2216369509696960 0.0135812759399414
0.4599284231662750 0.0050463676452637 0.2024551928043365 -0.1905059814453125 0.2217093706130981 0.0112752914428711
0.4215182960033417 0.0055854916572571 0.1705476045608521 -0.1821057796478271 0.2209075689315796 0.0074324607849121
0.3938721716403961 0.0083616375923157 0.1476337015628815 -0.1740989685058594 0.2209816575050354 0.0037722587585449
0.3822856247425079 0.0061687231063843 0.1338903009891510 -0.1733856201171875 0.2220999002456665 -0.0002911090850830
0.3724063038825989 0.0054396390914917 0.1265510022640228 -0.1728904247283936 0.2230814695358276 -0.0012357234954834
0.4270597696304321 0.0133591294288635 0.1752256453037262 -0.1865499019622803 0.2268948554992676 -0.0019230842590332
0.4895929694175720 0.0251804590225220 0.2388750016689301 -0.1976089477539062 0.2276972532272339 -0.0004816055297852
0.5254662036895752 0.0337771177291870 0.2773411870002747 -0.2040171623229980 0.2266526818275452 0.0018186569213867
0.5555775165557861 0.0425845384597778 0.3134915828704834 -0.2082433700561523 0.2237068414688110 0.0050225257873535
0.5880081653594971 0.0579325556755066 0.3521237373352051 -0.2118041515350342 0.2205158472061157 0.0084784030914307
0.6044473648071289 0.0640806555747986 0.3643932342529297 -0.2148468494415283 0.2190334796905518 0.0124680995941162
0.6012611389160156 0.0631034374237061 0.3500370979309082 -0.2119271755218506 0.2166521549224854 0.0205657482147217
0.6208149194717407 0.0654324293136597 0.3524258434772491 -0.2148938179016113 0.2143423557281494 0.0290572643280029
0.6108584403991699 0.0648623704910278 0.3336760401725769 -0.2072288990020752 0.2088574767112732 0.0378675460815430
0.5931534767150879 0.0583450198173523 0.3082021176815033 -0.1988987922668457 0.2051377892494202 0.0433435440063477
0.5687803030014038 0.0486596822738647 0.2795251011848450 -0.1898617744445801 0.2022712826728821 0.0457973480224609
0.5236881375312805 0.0324507951736450 0.2526060938835144 -0.1747503280639648 0.2002801299095154 0.0412676334381104
0.4790830016136169 0.0028169155120850 0.2297751307487488 -0.1617820262908936 0.2003035545349121 0.0285389423370361
0.4338218867778778 -0.0321456193923950 0.2066080868244171 -0.1555027961730957 0.2044426202774048 0.0085449218750000
0.4070242345333099 -0.0587643384933472 0.2007915973663330 -0.1569733619689941 0.2100363969802856 -0.0112891197204590
0.3809842765331268 -0.0864681005477905 0.1958025693893433 -0.1630682945251465 0.2167573571205139 -0.0337605476379395
0.3596577644348145 -0.1057575941085815 0.1811215579509735 -0.1737656593322754 0.2218729257583618 -0.0487802028656006
0.3370663821697235 -0.1154094338417053 0.1561753749847412 -0.1836295127868652 0.2277071475982666 -0.0550441741943359
0.3204509317874908 -0.1157681345939636 0.1323918998241425 -0.1967616081237793 0.2357814311981201 -0.0546638965606689
0.2868239581584930 -0.1182891130447388 0.0882095396518707 -0.2046771049499512 0.2428577542304993 -0.0529949665069580
0.2609501779079437 -0.1142801642417908 0.0492979288101196 -0.2071211338043213 0.2480491995811462 -0.0478079319000244
0.2528375685214996 -0.1034947633743286 0.0245175659656525 -0.2115476131439209 0.2532855272293091 -0.0375828742980957
0.2473128437995911 -0.0916674733161926 0.0097187757492065 -0.2056825160980225 0.2540178298950195 -0.0250411033630371
0.2735210061073303 -0.0766960978507996 0.0238717794418335 -0.2058749198913574 0.2552044391632080 -0.0123224258422852
0.3108431398868561 -0.0573951601982117 0.0540441572666168 -0.2026748657226562 0.2540087103843689 0.0000214576721191
0.3307994008064270 -0.0374313592910767 0.0714455544948578 -0.1928110122680664 0.2500939965248108 0.0100393295288086
0.3673825562000275 -0.0146030187606812 0.1089703142642975 -0.1879222393035889 0.2451923489570618 0.0182287693023682
0.4149938821792603 0.0097921490669250 0.1597160995006561 -0.1857032775878906 0.2399924397468567 0.0210833549499512
0.4664281904697418 0.0292630791664124 0.2122884988784790 -0.1876540184020996 0.2355467081069946 0.0184395313262939
0.4773728549480438 0.0385537743568420 0.2225574553012848 -0.1857600212097168 0.2322310209274292 0.0142605304718018
0.5113894939422607 0.0508284568786621 0.2529022693634033 -0.1910111904144287 0.2317467331886292 0.0097711086273193
0.5260499119758606 0.0549636483192444 0.2625486552715302 -0.1953389644622803 0.2308571338653564 0.0054745674133301
0.5191221237182617 0.0475456714630127 0.2488721013069153 -0.1967854499816895 0.2296664118766785 0.0017960071563721
0.4739422500133514 0.0339243412017822 0.2071321904659271 -0.1865398883819580 0.2242385149002075 0.0031557083129883
0.4651271402835846 0.0358524322509766 0.2061457335948944 -0.1825361251831055 0.2207527756690979 0.0063452720642090
0.4689994454383850 0.0365971326828003 0.2158374488353729 -0.1806430816650391 0.2175606489181519 0.0096309185028076
0.4966218173503876 0.0377370715141296 0.2461598515510559 -0.1828227043151855 0.2150427699089050 0.0163087844848633
0.5392278432846069 0.0395500063896179 0.2884252667427063 -0.1870851516723633 0.2125243544578552 0.0238246917724609
0.5838607549667358 0.0561414361000061 0.3382740914821625 -0.1881597042083740 0.2072504162788391 0.0337598323822021
0.6207113862037659 0.0631017088890076 0.3723251223564148 -0.1865518093109131 0.2006016373634338 0.0421462059020996
0.6282470226287842 0.0642691850662231 0.3753500580787659 -0.1798145771026611 0.1935151219367981 0.0505621433258057
0.6127125024795532 0.0631859302520752 0.3595486879348755 -0.1671648025512695 0.1845561265945435 0.0586278438568115
0.5846462845802307 0.0589522123336792 0.3349211215972900 -0.1526553630828857 0.1759337782859802 0.0635263919830322
0.5479641556739807 0.0466347932815552 0.3016868531703949 -0.1386609077453613 0.1694704294204712 0.0648479461669922
0.5052973628044128 0.0299445986747742 0.2606070041656494 -0.1268231868743896 0.1655755043029785 0.0613806247711182
0.4753829240798950 0.0130939483642578 0.2283019125461578 -0.1230146884918213 0.1611968874931335 0.0519587993621826
0.4403432905673981 -0.0059926509857178 0.1946288049221039 -0.1189205646514893 0.1581522226333618 0.0393700599670410
0.4179750978946686 -0.0252825021743774 0.1702774465084076 -0.1217434406280518 0.1584195494651794 0.0255680084228516
0.4053400456905365 -0.0408756136894226 0.1503453850746155 -0.1282589435577393 0.1596958041191101 0.0154936313629150
0.4042591452598572 -0.0511900186538696 0.1383349895477295 -0.1369357109069824 0.1576055288314819 0.0081005096435547
0.4156824946403503 -0.0544014573097229 0.1412689387798309 -0.1484978199005127 0.1575869917869568 0.0058267116546631
0.4284926652908325 -0.0518364906311035 0.1513716578483582 -0.1575942039489746 0.1598273515701294 0.0071260929107666
0.4413203299045563 -0.0469317436218262 0.1633523404598236 -0.1668772697448730 0.1650283932685852 0.0097510814666748
0.4426178932189941 -0.0472366809844971 0.1656555533409119 -0.1707584857940674 0.1700803041458130 0.0102055072784424
0.4391341805458069 -0.0482757091522217 0.1687469780445099 -0.1739702224731445 0.1784252524375916 0.0082285404205322
0.4219328761100769 -0.0529987215995789 0.1602558195590973 -0.1741766929626465 0.1881170868873596 0.0027518272399902
0.4016802906990051 -0.0557481646537781 0.1496593058109283 -0.1739208698272705 0.1983109712600708 -0.0042049884796143
0.3913440108299255 -0.0527672767639160 0.1414543688297272 -0.1791648864746094 0.2069442868232727 -0.0094122886657715
0.3932661712169647 -0.0404657721519470 0.1464112102985382 -0.1856565475463867 0.2135236263275146 -0.0111296176910400
0.4119377136230469 -0.0212166905403137 0.1638937592506409 -0.1991300582885742 0.2199364304542542 -0.0117087364196777
0.4431719481945038 0.0059895515441895 0.1947251558303833 -0.2152919769287109 0.2259044647216797 -0.0104308128356934
0.4778786897659302 0.0304097533226013 0.2339581251144409 -0.2266957759857178 0.2300052642822266 -0.0077302455902100
0.5112357139587402 0.0481271743774414 0.2754907608032227 -0.2346177101135254 0.2325935959815979 -0.0061113834381104
0.5311031937599182 0.0542453527450562 0.3099313378334045 -0.2340009212493896 0.2331175208091736 -0.0059981346130371
0.5385113954544067 0.0493414998054504 0.3343923389911652 -0.2303934097290039 0.2342123389244080 -0.0095934867858887
0.5261126756668091 0.0329991579055786 0.3431425094604492 -0.2221169471740723 0.2356066703796387 -0.0168101787567139
0.5091536641120911 0.0200373530387878 0.3448907136917114 -0.2145993709564209 0.2368869185447693 -0.0215427875518799
0.4858082830905914 0.0064505934715271 0.3341330885887146 -0.2134859561920166 0.2405766248703003 -0.0290787220001221
0.4596047103404999 -0.0028458237648010 0.3134800791740417 -0.2188515663146973 0.2459714412689209 -0.0373134613037109
0.4366823732852936 -0.0106847286224365 0.2903960943222046 -0.2323739528656006 0.2540735006332397 -0.0477354526519775
0.4202563166618347 -0.0126464366912842 0.2683767378330231 -0.2455577850341797 0.2607299685478210 -0.0561485290527344
0.4021390676498413 -0.0140222907066345 0.2406984269618988 -0.2557201385498047 0.2663481235504150 -0.0619661808013916
0.3927977085113525 -0.0154759287834167 0.2235668897628784 -0.2598059177398682 0.2697519063949585 -0.0649535655975342
0.3903681039810181 -0.0147054791450500 0.2134178578853607 -0.2590992450714111 0.2708250880241394 -0.0633680820465088
0.3932882547378540 -0.0106433629989624 0.2086507678031921 -0.2516326904296875 0.2686364650726318 -0.0564384460449219
0.3971528410911560 -0.0081812143325806 0.2035671472549438 -0.2407209873199463 0.2646420001983643 -0.0473530292510986
0.4037703573703766 -0.0051008462905884 0.2025895714759827 -0.2305719852447510 0.2593266367912292 -0.0368070602416992
0.4069956839084625 -0.0036765933036804 0.2007292211055756 -0.2214877605438232 0.2546148300170898 -0.0298881530761719
0.4117030799388885 -0.0008776783943176 0.2014533877372742 -0.2152070999145508 0.2510304450988770 -0.0244097709655762
0.4140003025531769 0.0013339519500732 0.2013464272022247 -0.2097363471984863 0.2486579418182373 -0.0198452472686768
0.4123007655143738 0.0017930865287781 0.1980188190937042 -0.2039527893066406 0.2467839717864990 -0.0157973766326904
0.4149978160858154 0.0016222596168518 0.1987700760364532 -0.1998918056488037 0.2440080642700195 -0.0116612911224365
0.4176823496818542 0.0020031929016113 0.2012192010879517 -0.1969833374023438 0.2421829700469971 -0.0090816020965576
0.4174507260322571 -0.0012699961662292 0.1995620727539062 -0.1949183940887451 0.2403219342231750 -0.0077192783355713
0.4167879819869995 -0.0046830773353577 0.1974734663963318 -0.1913483142852783 0.2370147109031677 -0.0057253837585449
0.4236706197261810 -0.0063139796257019 0.2020749151706696 -0.1893405914306641 0.2328622937202454 -0.0029973983764648
0.4294437170028687 -0.0081898570060730 0.2072980105876923 -0.1878349781036377 0.2290101051330566 -0.0011453628540039
0.4338728487491608 -0.0088204741477966 0.2113990485668182 -0.1876428127288818 0.2271770834922791 -0.0004301071166992
0.4440042674541473 -0.0075076222419739 0.2204192578792572 -0.1897387504577637 0.2263347506523132 0.0006475448608398
0.4486223459243774 -0.0067243576049805 0.2261874675750732 -0.1880974769592285 0.2241804599761963 0.0019071102142334
0.4540843367576599 -0.0066434741020203 0.2325976788997650 -0.1875185966491699 0.2224389314651489 0.0027854442596436
0.4575447738170624 -0.0070689916610718 0.2370450198650360 -0.1872453689575195 0.2213316559791565 0.0031173229217529
0.4572035670280457 -0.0070475339889526 0.2388210892677307 -0.1856691837310791 0.2204082608222961 0.0031869411468506
0.4574173390865326 -0.0075396895408630 0.2404990196228027 -0.1852962970733643 0.2199695706367493 0.0029773712158203
0.4569875001907349 -0.0074886679649353 0.2413600385189056 -0.1848373413085938 0.2195925712585449 0.0030548572540283
0.4571042954921722 -0.0079323649406433 0.2420088648796082 -0.1851439476013184 0.2194647192955017 0.0028808116912842
0.4570802748203278 -0.0082827210426331 0.2425556778907776 -0.1861698627471924 0.2199874520301819 0.0023674964904785
0.4571380317211151 -0.0084952712059021 0.2429434955120087 -0.1870095729827881 0.2203822731971741 0.0018970966339111
0.4570636749267578 -0.0087219476699829 0.2428171634674072 -0.1877770423889160 0.2208625078201294 0.0014407634735107
0.4569999575614929 -0.0089959502220154 0.2426985204219818 -0.1883716583251953 0.2211918234825134 0.0011074542999268
0.4574558734893799 -0.0095041394233704 0.2427873313426971 -0.1888208389282227 0.2211300730705261 0.0008630752563477
0.4576684534549713 -0.0097564458847046 0.2427536845207214 -0.1893482208251953 0.2213408350944519 0.0005476474761963
0.4578790664672852 -0.0099622011184692 0.2426934242248535 -0.1897361278533936 0.2214671373367310 0.0002839565277100
0.4585554003715515 -0.0102931857109070 0.2427797913551331 -0.1899466514587402 0.2212121486663818 0.0001597404479980
0.4591718316078186 -0.0105201005935669 0.2427880465984344 -0.1900758743286133 0.2209499478340149 0.0001387596130371
0.4597928822040558 -0.0106691122055054 0.2427251338958740 -0.1901948451995850 0.2207111716270447 0.0001378059387207
0.4601749181747437 -0.0106921195983887 0.2425840795040131 -0.1903617382049561 0.2206678986549377 0.0000932216644287
0.4604232907295227 -0.0106458067893982 0.2423825263977051 -0.1905193328857422 0.2207061052322388 0.0000586509704590
0.4606643021106720 -0.0106194019317627 0.2422393262386322 -0.1906263828277588 0.2206977605819702 0.0000467300415039
0.4608934223651886 -0.0106468796730042 0.2422002255916595 -0.1906855106353760 0.2206272482872009 0.0000429153442383
0.4610680937767029 -0.0106543898582458 0.2421518266201019 -0.1907382011413574 0.2205856442451477 0.0000374317169189
0.4611925482749939 -0.0106500387191772 0.2421038746833801 -0.1907866001129150 0.2205685973167419 0.0000278949737549
0.4612907469272614 -0.0106449723243713 0.2420615553855896 -0.1908254623413086 0.2205551266670227 0.0000238418579102
0.4613745212554932 -0.0106432437896729 0.2420348227024078 -0.1908521652221680 0.2205389738082886 0.0000200271606445
0.4614408910274506 -0.0106455683708191 0.2420159876346588 -0.1908724308013916 0.2205229997634888 0.0000188350677490
0.4614901542663574 -0.0106452107429504 0.2419988512992859 -0.1908886432647705 0.2205130457878113 0.0000174045562744
0.4615315198898315 -0.0106429457664490 0.2419869303703308 -0.1909024715423584 0.2205057740211487 0.0000166893005371
0.4615616500377655 -0.0106427073478699 0.2419765889644623 -0.1909122467041016 0.2204990983009338 0.0000162124633789
0.4615857005119324 -0.0106425285339355 0.2419675886631012 -0.1909217834472656 0.2204943895339966 0.0000143051147461
0.4616071283817291 -0.0106424093246460 0.2419629395008087 -0.1909270286560059 0.2204902172088623 0.0000128746032715
0.4616221189498901 -0.0106415152549744 0.2419581413269043 -0.1909315586090088 0.2204868793487549 0.0000143051147461
0.4616329669952393 -0.0106418132781982 0.2419529855251312 -0.1909344196319580 0.2204846739768982 0.0000133514404297
0.4616433978080750 -0.0106411576271057 0.2419503629207611 -0.1909394264221191 0.2204827666282654 0.0000112056732178
0.4616502523422241 -0.0106402039527893 0.2419482469558716 -0.1909422874450684 0.2204816341400146 0.0000121593475342
0.4616575837135315 -0.0106414556503296 0.2419472634792328 -0.1909439563751221 0.2204799652099609 0.0000123977661133
0.4616613984107971 -0.0106410980224609 0.2419455945491791 -0.1909458637237549 0.2204792499542236 0.0000123977661133
0.4616646468639374 -0.0106407999992371 0.2419442534446716 -0.1909458637237549 0.2204782366752625 0.0000143051147461
0.4616688489913940 -0.0106406211853027 0.2419441044330597 -0.1909465789794922 0.2204777598381042 0.0000138282775879
0.4616706669330597 -0.0106405019760132 0.2419432997703552 -0.1909480094909668 0.2204772233963013 0.0000147819519043
0.4616717994213104 -0.0106408596038818 0.2419428229331970 -0.1909487247467041 0.2204774618148804 0.0000138282775879
0.4616718888282776 -0.0106406211853027 0.2419409453868866 -0.1909484863281250 0.2204766869544983 0.0000131130218506
0.4616748094558716 -0.0106408596038818 0.2419422566890717 -0.1909489631652832 0.2204764485359192 0.0000126361846924
0.4616744816303253 -0.0106413364410400 0.2419417202472687 -0.1909499168395996 0.2204760909080505 0.0000119209289551
0.4616757035255432 -0.0106408596038818 0.2419415712356567 -0.1909496784210205 0.2204762101173401 0.0000131130218506
0.4616760611534119 -0.0106409788131714 0.2419409751892090 -0.1909499168395996 0.2204766273498535 0.0000121593475342
0.4616761803627014 -0.0106406211853027 0.2419409155845642 -0.1909499168395996 0.2204754352569580 0.0000123977661133
0.4616763591766357 -0.0106407999992371 0.2419411540031433 -0.1909501552581787 0.2204765081405640 0.0000121593475342
0.4616765975952148 -0.0106407403945923 0.2419409453868866 -0.1909506320953369 0.2204761505126953 0.0000114440917969
0.4616770148277283 -0.0106407403945923 0.2419410347938538 -0.1909506320953369 0.2204760313034058 0.0000109672546387
0.4616774022579193 -0.0106406807899475 0.2419410347938538 -0.1909506320953369 0.2204762697219849 0.0000109672546387
0.4616776406764984 -0.0106408596038818 0.2419410943984985 -0.1909506320953369 0.2204763293266296 0.0000107288360596
0.4616776704788208 -0.0106407403945923 0.2419408261775970 -0.1909503936767578 0.2204761505126953 0.0000114440917969
0.4616775512695312 -0.0106409788131714 0.2419409155845642 -0.1909506320953369 0.2204760909080505 0.0000107288360596
0.4616775214672089 -0.0106409788131714 0.2419408559799194 -0.1909503936767578 0.2204760313034058 0.0000112056732178
