-0.040809273450102 -0.505128118037930 -0.841759280364105 0.173797929670965 -0.969577593753864 -0.041085145195686 0.175416551365725 -0.969669219847004 -0.049830694358544 0.207388291243312 -0.960795544354279 -0.056050348828970 0.217335612177298 -0.958139527604108 -0.040755951190704 0.214945788049750 -0.943228284324496 0.051512830455630 0.137816775539158 -0.856173211254092 0.129330388613833
0.170086551888955 -0.970802630932922 -0.037537947895196 0.175532196040488 -0.969019036494612 -0.058756536568196 0.207388291243312 -0.960795544354279 -0.056050348828970 0.217335612177298 -0.958139527604108 -0.040755951190704 0.225401242599932 -0.955704219547733 -0.019506957311173 0.197928360939718 -0.933694634581942 0.079763922284379 0.146424135603905 -0.854593693215174 0.107293309589933
0.177126184642739 -0.968191409896688 -0.045522275216080 0.185742481862350 -0.967875641405781 -0.048338638142215 0.217335612177298 -0.958139527604108 -0.040755951190704 0.225401242599932 -0.955704219547733 -0.019506957311173 0.225856508018670 -0.953647600539794 0.000033475170826 0.179484924540796 -0.919233769434781 0.103252975510011 0.152626526362896 -0.857210793884876 0.076948615594474
0.182742268550947 -0.966925455594701 -0.053947847656088 0.178237630363394 -0.969834613808348 -0.067836369071443 0.225401242599932 -0.955704219547733 -0.019506957311173 0.225856508018670 -0.953647600539794 0.000033475170826 0.228320194472547 -0.948795189780906 0.024923878223307 0.160280622766462 -0.900685657414836 0.118601327998038 0.154633948947758 -0.871861393220605 0.034511166338987
0.176764411141847 -0.967905125623814 -0.073612081051585 0.175416551365725 -0.969669219847004 -0.049830694358544 0.225856508018670 -0.953647600539794 0.000033475170826 0.228320194472547 -0.948795189780906 0.024923878223307 0.214945788049750 -0.943228284324496 0.051512830455630 0.148288844913179 -0.877968725334989 0.128413455271652 0.160421650690714 -0.889184554571498 -0.020410839772409
0.173797929670965 -0.969577593753864 -0.041085145195686 0.207388291243312 -0.960795544354279 -0.056050348828970 0.228320194472547 -0.948795189780906 0.024923878223307 0.214945788049750 -0.943228284324496 0.051512830455630 0.197928360939718 -0.933694634581942 0.079763922284379 0.137816775539158 -0.856173211254092 0.129330388613833 0.166907415022146 -0.904905216840108 -0.090266019924907
0.175532196040488 -0.969019036494612 -0.058756536568196 0.217335612177298 -0.958139527604108 -0.040755951190704 0.214945788049750 -0.943228284324496 0.051512830455630 0.197928360939718 -0.933694634581942 0.079763922284379 0.179484924540796 -0.919233769434781 0.103252975510011 0.146424135603905 -0.854593693215174 0.107293309589933 0.170712369578225 -0.914184144800918 -0.175102861064036
0.185742481862350 -0.967875641405781 -0.048338638142215 0.225401242599932 -0.955704219547733 -0.019506957311173 0.197928360939718 -0.933694634581942 0.079763922284379 0.179484924540796 -0.919233769434781 0.103252975510011 0.160280622766462 -0.900685657414836 0.118601327998038 0.152626526362896 -0.857210793884876 0.076948615594474 0.168739749019575 -0.906380109990016 -0.262117146362110
0.178237630363394 -0.969834613808348 -0.067836369071443 0.225856508018670 -0.953647600539794 0.000033475170826 0.179484924540796 -0.919233769434781 0.103252975510011 0.160280622766462 -0.900685657414836 0.118601327998038 0.148288844913179 -0.877968725334989 0.128413455271652 0.154633948947758 -0.871861393220605 0.034511166338987 0.179918298770293 -0.887945289733849 -0.349973601704638
0.175416551365725 -0.969669219847004 -0.049830694358544 0.228320194472547 -0.948795189780906 0.024923878223307 0.160280622766462 -0.900685657414836 0.118601327998038 0.148288844913179 -0.877968725334989 0.128413455271652 0.137816775539158 -0.856173211254092 0.129330388613833 0.160421650690714 -0.889184554571498 -0.020410839772409 0.204218303717116 -0.859310410970874 -0.422389455137499
0.207388291243312 -0.960795544354279 -0.056050348828970 0.214945788049750 -0.943228284324496 0.051512830455630 0.148288844913179 -0.877968725334989 0.128413455271652 0.137816775539158 -0.856173211254092 0.129330388613833 0.146424135603905 -0.854593693215174 0.107293309589933 0.166907415022146 -0.904905216840108 -0.090266019924907 0.228027041039609 -0.821024286780575 -0.495136722043189
0.217335612177298 -0.958139527604108 -0.040755951190704 0.197928360939718 -0.933694634581942 0.079763922284379 0.137816775539158 -0.856173211254092 0.129330388613833 0.146424135603905 -0.854593693215174 0.107293309589933 0.152626526362896 -0.857210793884876 0.076948615594474 0.170712369578225 -0.914184144800918 -0.175102861064036 0.255981455408394 -0.774946076134547 -0.559717246117288
0.225401242599932 -0.955704219547733 -0.019506957311173 0.179484924540796 -0.919233769434781 0.103252975510011 0.146424135603905 -0.854593693215174 0.107293309589933 0.152626526362896 -0.857210793884876 0.076948615594474 0.154633948947758 -0.871861393220605 0.034511166338987 0.168739749019575 -0.906380109990016 -0.262117146362110 0.288887338962319 -0.720187419662124 -0.618402716934975
0.225856508018670 -0.953647600539794 0.000033475170826 0.160280622766462 -0.900685657414836 0.118601327998038 0.152626526362896 -0.857210793884876 0.076948615594474 0.154633948947758 -0.871861393220605 0.034511166338987 0.160421650690714 -0.889184554571498 -0.020410839772409 0.179918298770293 -0.887945289733849 -0.349973601704638 0.319460448328711 -0.669471178726797 -0.661984789998390
0.228320194472547 -0.948795189780906 0.024923878223307 0.148288844913179 -0.877968725334989 0.128413455271652 0.154633948947758 -0.871861393220605 0.034511166338987 0.160421650690714 -0.889184554571498 -0.020410839772409 0.166907415022146 -0.904905216840108 -0.090266019924907 0.204218303717116 -0.859310410970874 -0.422389455137499 0.341989932069385 -0.621723806140578 -0.698397757349777
0.214945788049750 -0.943228284324496 0.051512830455630 0.137816775539158 -0.856173211254092 0.129330388613833 0.160421650690714 -0.889184554571498 -0.020410839772409 0.166907415022146 -0.904905216840108 -0.090266019924907 0.170712369578225 -0.914184144800918 -0.175102861064036 0.228027041039609 -0.821024286780575 -0.495136722043189 0.359253738395966 -0.577501281946484 -0.728891042808565
0.197928360939718 -0.933694634581942 0.079763922284379 0.146424135603905 -0.854593693215174 0.107293309589933 0.166907415022146 -0.904905216840108 -0.090266019924907 0.170712369578225 -0.914184144800918 -0.175102861064036 0.168739749019575 -0.906380109990016 -0.262117146362110 0.255981455408394 -0.774946076134547 -0.559717246117288 0.368449192506609 -0.546318242467723 -0.749000830413103
0.179484924540796 -0.919233769434781 0.103252975510011 0.152626526362896 -0.857210793884876 0.076948615594474 0.170712369578225 -0.914184144800918 -0.175102861064036 0.168739749019575 -0.906380109990016 -0.262117146362110 0.179918298770293 -0.887945289733849 -0.349973601704638 0.288887338962319 -0.720187419662124 -0.618402716934975 0.373802745454486 -0.523448352992219 -0.763274910926211
0.160280622766462 -0.900685657414836 0.118601327998038 0.154633948947758 -0.871861393220605 0.034511166338987 0.168739749019575 -0.906380109990016 -0.262117146362110 0.179918298770293 -0.887945289733849 -0.349973601704638 0.204218303717116 -0.859310410970874 -0.422389455137499 0.319460448328711 -0.669471178726797 -0.661984789998390 0.368799093958970 -0.513658392825438 -0.772966259831839
0.148288844913179 -0.877968725334989 0.128413455271652 0.160421650690714 -0.889184554571498 -0.020410839772409 0.179918298770293 -0.887945289733849 -0.349973601704638 0.204218303717116 -0.859310410970874 -0.422389455137499 0.228027041039609 -0.821024286780575 -0.495136722043189 0.341989932069385 -0.621723806140578 -0.698397757349777 0.348278086242729 -0.520018520213988 -0.778525127159745
0.137816775539158 -0.856173211254092 0.129330388613833 0.166907415022146 -0.904905216840108 -0.090266019924907 0.204218303717116 -0.859310410970874 -0.422389455137499 0.228027041039609 -0.821024286780575 -0.495136722043189 0.255981455408394 -0.774946076134547 -0.559717246117288 0.359253738395966 -0.577501281946484 -0.728891042808565 0.332360519440325 -0.535951265776397 -0.774483500048088
0.146424135603905 -0.854593693215174 0.107293309589933 0.170712369578225 -0.914184144800918 -0.175102861064036 0.228027041039609 -0.821024286780575 -0.495136722043189 0.255981455408394 -0.774946076134547 -0.559717246117288 0.288887338962319 -0.720187419662124 -0.618402716934975 0.368449192506609 -0.546318242467723 -0.749000830413103 0.298413875406163 -0.578503982434041 -0.756956664670717
0.152626526362896 -0.857210793884876 0.076948615594474 0.168739749019575 -0.906380109990016 -0.262117146362110 0.255981455408394 -0.774946076134547 -0.559717246117288 0.288887338962319 -0.720187419662124 -0.618402716934975 0.319460448328711 -0.669471178726797 -0.661984789998390 0.373802745454486 -0.523448352992219 -0.763274910926211 0.269836240335241 -0.626507343160322 -0.727965365036177
0.154633948947758 -0.871861393220605 0.034511166338987 0.179918298770293 -0.887945289733849 -0.349973601704638 0.288887338962319 -0.720187419662124 -0.618402716934975 0.319460448328711 -0.669471178726797 -0.661984789998390 0.341989932069385 -0.621723806140578 -0.698397757349777 0.368799093958970 -0.513658392825438 -0.772966259831839 0.237944202103232 -0.676765154964936 -0.691984339354476
0.160421650690714 -0.889184554571498 -0.020410839772409 0.204218303717116 -0.859310410970874 -0.422389455137499 0.319460448328711 -0.669471178726797 -0.661984789998390 0.341989932069385 -0.621723806140578 -0.698397757349777 0.359253738395966 -0.577501281946484 -0.728891042808565 0.348278086242729 -0.520018520213988 -0.778525127159745 0.220467155013571 -0.727312568405121 -0.642706556448420
0.166907415022146 -0.904905216840108 -0.090266019924907 0.228027041039609 -0.821024286780575 -0.495136722043189 0.341989932069385 -0.621723806140578 -0.698397757349777 0.359253738395966 -0.577501281946484 -0.728891042808565 0.368449192506609 -0.546318242467723 -0.749000830413103 0.332360519440325 -0.535951265776397 -0.774483500048088 0.223045301797731 -0.768893804173814 -0.587529435502567
0.170712369578225 -0.914184144800918 -0.175102861064036 0.255981455408394 -0.774946076134547 -0.559717246117288 0.359253738395966 -0.577501281946484 -0.728891042808565 0.368449192506609 -0.546318242467723 -0.749000830413103 0.373802745454486 -0.523448352992219 -0.763274910926211 0.298413875406163 -0.578503982434041 -0.756956664670717 0.226724120445692 -0.807644895548015 -0.526056125859292
0.168739749019575 -0.906380109990016 -0.262117146362110 0.288887338962319 -0.720187419662124 -0.618402716934975 0.368449192506609 -0.546318242467723 -0.749000830413103 0.373802745454486 -0.523448352992219 -0.763274910926211 0.368799093958970 -0.513658392825438 -0.772966259831839 0.269836240335241 -0.626507343160322 -0.727965365036177 0.223438491424316 -0.843607826935899 -0.459531559147673
0.179918298770293 -0.887945289733849 -0.349973601704638 0.319460448328711 -0.669471178726797 -0.661984789998390 0.373802745454486 -0.523448352992219 -0.763274910926211 0.368799093958970 -0.513658392825438 -0.772966259831839 0.348278086242729 -0.520018520213988 -0.778525127159745 0.237944202103232 -0.676765154964936 -0.691984339354476 0.213256031785226 -0.874988445920598 -0.387665595211674
0.204218303717116 -0.859310410970874 -0.422389455137499 0.341989932069385 -0.621723806140578 -0.698397757349777 0.368799093958970 -0.513658392825438 -0.772966259831839 0.348278086242729 -0.520018520213988 -0.778525127159745 0.332360519440325 -0.535951265776397 -0.774483500048088 0.220467155013571 -0.727312568405121 -0.642706556448420 0.193996595642914 -0.895147918701398 -0.306113502600563
0.228027041039609 -0.821024286780575 -0.495136722043189 0.359253738395966 -0.577501281946484 -0.728891042808565 0.348278086242729 -0.520018520213988 -0.778525127159745 0.332360519440325 -0.535951265776397 -0.774483500048088 0.298413875406163 -0.578503982434041 -0.756956664670717 0.223045301797731 -0.768893804173814 -0.587529435502567 0.162055335105973 -0.903585041720735 -0.229148996836161
0.255981455408394 -0.774946076134547 -0.559717246117288 0.368449192506609 -0.546318242467723 -0.749000830413103 0.332360519440325 -0.535951265776397 -0.774483500048088 0.298413875406163 -0.578503982434041 -0.756956664670717 0.269836240335241 -0.626507343160322 -0.727965365036177 0.226724120445692 -0.807644895548015 -0.526056125859292 0.125725675340223 -0.901506429989221 -0.130293074785897
0.288887338962319 -0.720187419662124 -0.618402716934975 0.373802745454486 -0.523448352992219 -0.763274910926211 0.298413875406163 -0.578503982434041 -0.756956664670717 0.269836240335241 -0.626507343160322 -0.727965365036177 0.237944202103232 -0.676765154964936 -0.691984339354476 0.223438491424316 -0.843607826935899 -0.459531559147673 0.094420080538958 -0.880143395225879 0.001734338448031
0.319460448328711 -0.669471178726797 -0.661984789998390 0.368799093958970 -0.513658392825438 -0.772966259831839 0.269836240335241 -0.626507343160322 -0.727965365036177 0.237944202103232 -0.676765154964936 -0.691984339354476 0.220467155013571 -0.727312568405121 -0.642706556448420 0.213256031785226 -0.874988445920598 -0.387665595211674 0.081192286163911 -0.838239655752905 0.084186528072515
0.341989932069385 -0.621723806140578 -0.698397757349777 0.348278086242729 -0.520018520213988 -0.778525127159745 0.237944202103232 -0.676765154964936 -0.691984339354476 0.220467155013571 -0.727312568405121 -0.642706556448420 0.223045301797731 -0.768893804173814 -0.587529435502567 0.193996595642914 -0.895147918701398 -0.306113502600563 0.079607888933650 -0.796744820704620 0.139266074857224
0.359253738395966 -0.577501281946484 -0.728891042808565 0.332360519440325 -0.535951265776397 -0.774483500048088 0.220467155013571 -0.727312568405121 -0.642706556448420 0.223045301797731 -0.768893804173814 -0.587529435502567 0.226724120445692 -0.807644895548015 -0.526056125859292 0.162055335105973 -0.903585041720735 -0.229148996836161 0.077286348170029 -0.793425794466753 0.162101342595393
0.368449192506609 -0.546318242467723 -0.749000830413103 0.298413875406163 -0.578503982434041 -0.756956664670717 0.223045301797731 -0.768893804173814 -0.587529435502567 0.226724120445692 -0.807644895548015 -0.526056125859292 0.223438491424316 -0.843607826935899 -0.459531559147673 0.125725675340223 -0.901506429989221 -0.130293074785897 0.077968451418409 -0.802992879046944 0.170123953346423
0.373802745454486 -0.523448352992219 -0.763274910926211 0.269836240335241 -0.626507343160322 -0.727965365036177 0.226724120445692 -0.807644895548015 -0.526056125859292 0.223438491424316 -0.843607826935899 -0.459531559147673 0.213256031785226 -0.874988445920598 -0.387665595211674 0.094420080538958 -0.880143395225879 0.001734338448031 0.077727230810716 -0.827676865842680 0.153864625451905
0.368799093958970 -0.513658392825438 -0.772966259831839 0.237944202103232 -0.676765154964936 -0.691984339354476 0.223438491424316 -0.843607826935899 -0.459531559147673 0.213256031785226 -0.874988445920598 -0.387665595211674 0.193996595642914 -0.895147918701398 -0.306113502600563 0.081192286163911 -0.838239655752905 0.084186528072515 0.100080003738551 -0.863929839666401 0.100027379458651
0.348278086242729 -0.520018520213988 -0.778525127159745 0.220467155013571 -0.727312568405121 -0.642706556448420 0.213256031785226 -0.874988445920598 -0.387665595211674 0.193996595642914 -0.895147918701398 -0.306113502600563 0.162055335105973 -0.903585041720735 -0.229148996836161 0.079607888933650 -0.796744820704620 0.139266074857224 0.108481865705743 -0.895569309769807 0.031086147389639
0.332360519440325 -0.535951265776397 -0.774483500048088 0.223045301797731 -0.768893804173814 -0.587529435502567 0.193996595642914 -0.895147918701398 -0.306113502600563 0.162055335105973 -0.903585041720735 -0.229148996836161 0.125725675340223 -0.901506429989221 -0.130293074785897 0.077286348170029 -0.793425794466753 0.162101342595393 0.123117330329030 -0.917168463609999 -0.057994350840748
0.298413875406163 -0.578503982434041 -0.756956664670717 0.226724120445692 -0.807644895548015 -0.526056125859292 0.162055335105973 -0.903585041720735 -0.229148996836161 0.125725675340223 -0.901506429989221 -0.130293074785897 0.094420080538958 -0.880143395225879 0.001734338448031 0.077968451418409 -0.802992879046944 0.170123953346423 0.132342271652653 -0.922945827726321 -0.152890603515117
0.269836240335241 -0.626507343160322 -0.727965365036177 0.223438491424316 -0.843607826935899 -0.459531559147673 0.125725675340223 -0.901506429989221 -0.130293074785897 0.094420080538958 -0.880143395225879 0.001734338448031 0.081192286163911 -0.838239655752905 0.084186528072515 0.077727230810716 -0.827676865842680 0.153864625451905 0.146467681303076 -0.912403146070688 -0.248791010551758
0.237944202103232 -0.676765154964936 -0.691984339354476 0.213256031785226 -0.874988445920598 -0.387665595211674 0.094420080538958 -0.880143395225879 0.001734338448031 0.081192286163911 -0.838239655752905 0.084186528072515 0.079607888933650 -0.796744820704620 0.139266074857224 0.100080003738551 -0.863929839666401 0.100027379458651 0.164235980783854 -0.893745368071102 -0.330666931403236
0.220467155013571 -0.727312568405121 -0.642706556448420 0.193996595642914 -0.895147918701398 -0.306113502600563 0.081192286163911 -0.838239655752905 0.084186528072515 0.079607888933650 -0.796744820704620 0.139266074857224 0.077286348170029 -0.793425794466753 0.162101342595393 0.108481865705743 -0.895569309769807 0.031086147389639 0.176079511292240 -0.873391998470169 -0.393619057970365
0.223045301797731 -0.768893804173814 -0.587529435502567 0.162055335105973 -0.903585041720735 -0.229148996836161 0.079607888933650 -0.796744820704620 0.139266074857224 0.077286348170029 -0.793425794466753 0.162101342595393 0.077968451418409 -0.802992879046944 0.170123953346423 0.123117330329030 -0.917168463609999 -0.057994350840748 0.189446437895552 -0.853101989364776 -0.443731843806027
0.226724120445692 -0.807644895548015 -0.526056125859292 0.125725675340223 -0.901506429989221 -0.130293074785897 0.077286348170029 -0.793425794466753 0.162101342595393 0.077968451418409 -0.802992879046944 0.170123953346423 0.077727230810716 -0.827676865842680 0.153864625451905 0.132342271652653 -0.922945827726321 -0.152890603515117 0.195466868140460 -0.834181631122635 -0.484970258819892
0.223438491424316 -0.843607826935899 -0.459531559147673 0.094420080538958 -0.880143395225879 0.001734338448031 0.077968451418409 -0.802992879046944 0.170123953346423 0.077727230810716 -0.827676865842680 0.153864625451905 0.100080003738551 -0.863929839666401 0.100027379458651 0.146467681303076 -0.912403146070688 -0.248791010551758 0.203365706564054 -0.812789345273038 -0.523947313235314
0.213256031785226 -0.874988445920598 -0.387665595211674 0.081192286163911 -0.838239655752905 0.084186528072515 0.077727230810716 -0.827676865842680 0.153864625451905 0.100080003738551 -0.863929839666401 0.100027379458651 0.108481865705743 -0.895569309769807 0.031086147389639 0.164235980783854 -0.893745368071102 -0.330666931403236 0.203841820751463 -0.797767109070711 -0.551112182926064
0.193996595642914 -0.895147918701398 -0.306113502600563 0.079607888933650 -0.796744820704620 0.139266074857224 0.100080003738551 -0.863929839666401 0.100027379458651 0.108481865705743 -0.895569309769807 0.031086147389639 0.123117330329030 -0.917168463609999 -0.057994350840748 0.176079511292240 -0.873391998470169 -0.393619057970365 0.197203167867753 -0.780106639343273 -0.581160237917472
0.162055335105973 -0.903585041720735 -0.229148996836161 0.077286348170029 -0.793425794466753 0.162101342595393 0.108481865705743 -0.895569309769807 0.031086147389639 0.123117330329030 -0.917168463609999 -0.057994350840748 0.132342271652653 -0.922945827726321 -0.152890603515117 0.189446437895552 -0.853101989364776 -0.443731843806027 0.186213582748234 -0.762057789812567 -0.609933474504254
0.125725675340223 -0.901506429989221 -0.130293074785897 0.077968451418409 -0.802992879046944 0.170123953346423 0.123117330329030 -0.917168463609999 -0.057994350840748 0.132342271652653 -0.922945827726321 -0.152890603515117 0.146467681303076 -0.912403146070688 -0.248791010551758 0.195466868140460 -0.834181631122635 -0.484970258819892 0.173121735504977 -0.748931151831364 -0.630561393739393
0.094420080538958 -0.880143395225879 0.001734338448031 0.077727230810716 -0.827676865842680 0.153864625451905 0.132342271652653 -0.922945827726321 -0.152890603515117 0.146467681303076 -0.912403146070688 -0.248791010551758 0.164235980783854 -0.893745368071102 -0.330666931403236 0.203365706564054 -0.812789345273038 -0.523947313235314 0.165580124480123 -0.741013504992176 -0.642301994130790
0.081192286163911 -0.838239655752905 0.084186528072515 0.100080003738551 -0.863929839666401 0.100027379458651 0.146467681303076 -0.912403146070688 -0.248791010551758 0.164235980783854 -0.893745368071102 -0.330666931403236 0.176079511292240 -0.873391998470169 -0.393619057970365 0.203841820751463 -0.797767109070711 -0.551112182926064 0.171808370249768 -0.752228991592709 -0.627198802197760
0.079607888933650 -0.796744820704620 0.139266074857224 0.108481865705743 -0.895569309769807 0.031086147389639 0.164235980783854 -0.893745368071102 -0.330666931403236 0.176079511292240 -0.873391998470169 -0.393619057970365 0.189446437895552 -0.853101989364776 -0.443731843806027 0.197203167867753 -0.780106639343273 -0.581160237917472 0.173294711170191 -0.770112188855953 -0.603729551083774
0.077286348170029 -0.793425794466753 0.162101342595393 0.123117330329030 -0.917168463609999 -0.057994350840748 0.176079511292240 -0.873391998470169 -0.393619057970365 0.189446437895552 -0.853101989364776 -0.443731843806027 0.195466868140460 -0.834181631122635 -0.484970258819892 0.186213582748234 -0.762057789812567 -0.609933474504254 0.181702956547283 -0.797221233072540 -0.563959972964265
0.077968451418409 -0.802992879046944 0.170123953346423 0.132342271652653 -0.922945827726321 -0.152890603515117 0.189446437895552 -0.853101989364776 -0.443731843806027 0.195466868140460 -0.834181631122635 -0.484970258819892 0.203365706564054 -0.812789345273038 -0.523947313235314 0.173121735504977 -0.748931151831364 -0.630561393739393 0.191811094470685 -0.826642438462795 -0.513741064964707
0.077727230810716 -0.827676865842680 0.153864625451905 0.146467681303076 -0.912403146070688 -0.248791010551758 0.195466868140460 -0.834181631122635 -0.484970258819892 0.203365706564054 -0.812789345273038 -0.523947313235314 0.203841820751463 -0.797767109070711 -0.551112182926064 0.165580124480123 -0.741013504992176 -0.642301994130790 0.205407250052563 -0.859371346869551 -0.446331742801382
0.100080003738551 -0.863929839666401 0.100027379458651 0.164235980783854 -0.893745368071102 -0.330666931403236 0.203365706564054 -0.812789345273038 -0.523947313235314 0.203841820751463 -0.797767109070711 -0.551112182926064 0.197203167867753 -0.780106639343273 -0.581160237917472 0.171808370249768 -0.752228991592709 -0.627198802197760 0.228787072779682 -0.889167905043119 -0.364019374178317
0.108481865705743 -0.895569309769807 0.031086147389639 0.176079511292240 -0.873391998470169 -0.393619057970365 0.203841820751463 -0.797767109070711 -0.551112182926064 0.197203167867753 -0.780106639343273 -0.581160237917472 0.186213582748234 -0.762057789812567 -0.609933474504254 0.173294711170191 -0.770112188855953 -0.603729551083774 0.219280528667618 -0.911513598761962 -0.300095260957271
0.123117330329030 -0.917168463609999 -0.057994350840748 0.189446437895552 -0.853101989364776 -0.443731843806027 0.197203167867753 -0.780106639343273 -0.581160237917472 0.186213582748234 -0.762057789812567 -0.609933474504254 0.173121735504977 -0.748931151831364 -0.630561393739393 0.181702956547283 -0.797221233072540 -0.563959972964265 0.211732259421889 -0.931170640489179 -0.224623733242831
0.132342271652653 -0.922945827726321 -0.152890603515117 0.195466868140460 -0.834181631122635 -0.484970258819892 0.186213582748234 -0.762057789812567 -0.609933474504254 0.173121735504977 -0.748931151831364 -0.630561393739393 0.165580124480123 -0.741013504992176 -0.642301994130790 0.191811094470685 -0.826642438462795 -0.513741064964707 0.194614365511112 -0.946975092908970 -0.129188118694414
0.146467681303076 -0.912403146070688 -0.248791010551758 0.203365706564054 -0.812789345273038 -0.523947313235314 0.173121735504977 -0.748931151831364 -0.630561393739393 0.165580124480123 -0.741013504992176 -0.642301994130790 0.171808370249768 -0.752228991592709 -0.627198802197760 0.205407250052563 -0.859371346869551 -0.446331742801382 0.172944026853236 -0.951562832709835 -0.038374418788581
0.164235980783854 -0.893745368071102 -0.330666931403236 0.203841820751463 -0.797767109070711 -0.551112182926064 0.165580124480123 -0.741013504992176 -0.642301994130790 0.171808370249768 -0.752228991592709 -0.627198802197760 0.173294711170191 -0.770112188855953 -0.603729551083774 0.228787072779682 -0.889167905043119 -0.364019374178317 0.142038463849658 -0.947857730787755 0.045689800002022
0.176079511292240 -0.873391998470169 -0.393619057970365 0.197203167867753 -0.780106639343273 -0.581160237917472 0.171808370249768 -0.752228991592709 -0.627198802197760 0.173294711170191 -0.770112188855953 -0.603729551083774 0.181702956547283 -0.797221233072540 -0.563959972964265 0.219280528667618 -0.911513598761962 -0.300095260957271 0.106103652541141 -0.930110091641008 0.137558721402137
0.189446437895552 -0.853101989364776 -0.443731843806027 0.186213582748234 -0.762057789812567 -0.609933474504254 0.173294711170191 -0.770112188855953 -0.603729551083774 0.181702956547283 -0.797221233072540 -0.563959972964265 0.191811094470685 -0.826642438462795 -0.513741064964707 0.211732259421889 -0.931170640489179 -0.224623733242831 0.080451216013419 -0.910249463181890 0.196897613908977
0.195466868140460 -0.834181631122635 -0.484970258819892 0.173121735504977 -0.748931151831364 -0.630561393739393 0.181702956547283 -0.797221233072540 -0.563959972964265 0.191811094470685 -0.826642438462795 -0.513741064964707 0.205407250052563 -0.859371346869551 -0.446331742801382 0.194614365511112 -0.946975092908970 -0.129188118694414 0.080720662792483 -0.895659722703389 0.225087348166217
0.203365706564054 -0.812789345273038 -0.523947313235314 0.165580124480123 -0.741013504992176 -0.642301994130790 0.191811094470685 -0.826642438462795 -0.513741064964707 0.205407250052563 -0.859371346869551 -0.446331742801382 0.228787072779682 -0.889167905043119 -0.364019374178317 0.172944026853236 -0.951562832709835 -0.038374418788581 0.085113701927955 -0.892084277890755 0.231681221785771
0.203841820751463 -0.797767109070711 -0.551112182926064 0.171808370249768 -0.752228991592709 -0.627198802197760 0.205407250052563 -0.859371346869551 -0.446331742801382 0.228787072779682 -0.889167905043119 -0.364019374178317 0.219280528667618 -0.911513598761962 -0.300095260957271 0.142038463849658 -0.947857730787755 0.045689800002022 0.091758149514217 -0.898037121346097 0.217213616910507
0.197203167867753 -0.780106639343273 -0.581160237917472 0.173294711170191 -0.770112188855953 -0.603729551083774 0.228787072779682 -0.889167905043119 -0.364019374178317 0.219280528667618 -0.911513598761962 -0.300095260957271 0.211732259421889 -0.931170640489179 -0.224623733242831 0.106103652541141 -0.930110091641008 0.137558721402137 0.104904309876903 -0.909761135337448 0.188753003193605
0.186213582748234 -0.762057789812567 -0.609933474504254 0.181702956547283 -0.797221233072540 -0.563959972964265 0.219280528667618 -0.911513598761962 -0.300095260957271 0.211732259421889 -0.931170640489179 -0.224623733242831 0.194614365511112 -0.946975092908970 -0.129188118694414 0.080451216013419 -0.910249463181890 0.196897613908977 0.132334964241851 -0.928155013109940 0.129671318555129
0.173121735504977 -0.748931151831364 -0.630561393739393 0.191811094470685 -0.826642438462795 -0.513741064964707 0.211732259421889 -0.931170640489179 -0.224623733242831 0.194614365511112 -0.946975092908970 -0.129188118694414 0.172944026853236 -0.951562832709835 -0.038374418788581 0.080720662792483 -0.895659722703389 0.225087348166217 0.157684546823298 -0.941129994142270 0.052992335999674
0.165580124480123 -0.741013504992176 -0.642301994130790 0.205407250052563 -0.859371346869551 -0.446331742801382 0.194614365511112 -0.946975092908970 -0.129188118694414 0.172944026853236 -0.951562832709835 -0.038374418788581 0.142038463849658 -0.947857730787755 0.045689800002022 0.085113701927955 -0.892084277890755 0.231681221785771 0.174655538019968 -0.946689158313214 -0.012259575108372
0.171808370249768 -0.752228991592709 -0.627198802197760 0.228787072779682 -0.889167905043119 -0.364019374178317 0.172944026853236 -0.951562832709835 -0.038374418788581 0.142038463849658 -0.947857730787755 0.045689800002022 0.106103652541141 -0.930110091641008 0.137558721402137 0.091758149514217 -0.898037121346097 0.217213616910507 0.191646592086077 -0.945270000958256 -0.074047202413180
0.173294711170191 -0.770112188855953 -0.603729551083774 0.219280528667618 -0.911513598761962 -0.300095260957271 0.142038463849658 -0.947857730787755 0.045689800002022 0.106103652541141 -0.930110091641008 0.137558721402137 0.080451216013419 -0.910249463181890 0.196897613908977 0.104904309876903 -0.909761135337448 0.188753003193605 0.204151947982941 -0.939565805688392 -0.140965619082295
0.181702956547283 -0.797221233072540 -0.563959972964265 0.211732259421889 -0.931170640489179 -0.224623733242831 0.106103652541141 -0.930110091641008 0.137558721402137 0.080451216013419 -0.910249463181890 0.196897613908977 0.080720662792483 -0.895659722703389 0.225087348166217 0.132334964241851 -0.928155013109940 0.129671318555129 0.226975091520468 -0.923950903843861 -0.215694590163674
0.191811094470685 -0.826642438462795 -0.513741064964707 0.194614365511112 -0.946975092908970 -0.129188118694414 0.080451216013419 -0.910249463181890 0.196897613908977 0.080720662792483 -0.895659722703389 0.225087348166217 0.085113701927955 -0.892084277890755 0.231681221785771 0.157684546823298 -0.941129994142270 0.052992335999674 0.239940867704713 -0.911970487258144 -0.261043278555542
0.205407250052563 -0.859371346869551 -0.446331742801382 0.172944026853236 -0.951562832709835 -0.038374418788581 0.080720662792483 -0.895659722703389 0.225087348166217 0.085113701927955 -0.892084277890755 0.231681221785771 0.091758149514217 -0.898037121346097 0.217213616910507 0.174655538019968 -0.946689158313214 -0.012259575108372 0.249899297943435 -0.903323057932644 -0.290829919275925
0.228787072779682 -0.889167905043119 -0.364019374178317 0.142038463849658 -0.947857730787755 0.045689800002022 0.085113701927955 -0.892084277890755 0.231681221785771 0.091758149514217 -0.898037121346097 0.217213616910507 0.104904309876903 -0.909761135337448 0.188753003193605 0.191646592086077 -0.945270000958256 -0.074047202413180 0.254525865026903 -0.897082725377729 -0.305517506654838
0.219280528667618 -0.911513598761962 -0.300095260957271 0.106103652541141 -0.930110091641008 0.137558721402137 0.091758149514217 -0.898037121346097 0.217213616910507 0.104904309876903 -0.909761135337448 0.188753003193605 0.132334964241851 -0.928155013109940 0.129671318555129 0.204151947982941 -0.939565805688392 -0.140965619082295 0.261012422874516 -0.891720302680411 -0.319745239893860
0.211732259421889 -0.931170640489179 -0.224623733242831 0.080451216013419 -0.910249463181890 0.196897613908977 0.104904309876903 -0.909761135337448 0.188753003193605 0.132334964241851 -0.928155013109940 0.129671318555129 0.157684546823298 -0.941129994142270 0.052992335999674 0.226975091520468 -0.923950903843861 -0.215694590163674 0.265507856688616 -0.888619613801940 -0.324934377179521
0.194614365511112 -0.946975092908970 -0.129188118694414 0.080720662792483 -0.895659722703389 0.225087348166217 0.132334964241851 -0.928155013109940 0.129671318555129 0.157684546823298 -0.941129994142270 0.052992335999674 0.174655538019968 -0.946689158313214 -0.012259575108372 0.239940867704713 -0.911970487258144 -0.261043278555542 0.256976953486987 -0.887865716190877 -0.333245367424263
0.172944026853236 -0.951562832709835 -0.038374418788581 0.085113701927955 -0.892084277890755 0.231681221785771 0.157684546823298 -0.941129994142270 0.052992335999674 0.174655538019968 -0.946689158313214 -0.012259575108372 0.191646592086077 -0.945270000958256 -0.074047202413180 0.249899297943435 -0.903323057932644 -0.290829919275925 0.254589437245407 -0.875862453055490 -0.364294766957512
0.142038463849658 -0.947857730787755 0.045689800002022 0.091758149514217 -0.898037121346097 0.217213616910507 0.174655538019968 -0.946689158313214 -0.012259575108372 0.191646592086077 -0.945270000958256 -0.074047202413180 0.204151947982941 -0.939565805688392 -0.140965619082295 0.254525865026903 -0.897082725377729 -0.305517506654838 0.239798407450924 -0.871437231988880 -0.383971300230936
0.106103652541141 -0.930110091641008 0.137558721402137 0.104904309876903 -0.909761135337448 0.188753003193605 0.191646592086077 -0.945270000958256 -0.074047202413180 0.204151947982941 -0.939565805688392 -0.140965619082295 0.226975091520468 -0.923950903843861 -0.215694590163674 0.261012422874516 -0.891720302680411 -0.319745239893860 0.225560769680297 -0.877737697680360 -0.383261869369260
0.080451216013419 -0.910249463181890 0.196897613908977 0.132334964241851 -0.928155013109940 0.129671318555129 0.204151947982941 -0.939565805688392 -0.140965619082295 0.226975091520468 -0.923950903843861 -0.215694590163674 0.239940867704713 -0.911970487258144 -0.261043278555542 0.265507856688616 -0.888619613801940 -0.324934377179521 0.208572677524015 -0.888323654052667 -0.368358858402144
0.080720662792483 -0.895659722703389 0.225087348166217 0.157684546823298 -0.941129994142270 0.052992335999674 0.226975091520468 -0.923950903843861 -0.215694590163674 0.239940867704713 -0.911970487258144 -0.261043278555542 0.249899297943435 -0.903323057932644 -0.290829919275925 0.256976953486987 -0.887865716190877 -0.333245367424263 0.198967604968499 -0.895030284259477 -0.358991612027685
0.085113701927955 -0.892084277890755 0.231681221785771 0.174655538019968 -0.946689158313214 -0.012259575108372 0.239940867704713 -0.911970487258144 -0.261043278555542 0.249899297943435 -0.903323057932644 -0.290829919275925 0.254525865026903 -0.897082725377729 -0.305517506654838 0.254589437245407 -0.875862453055490 -0.364294766957512 0.199555863343172 -0.905810207701419 -0.330439851403129
0.091758149514217 -0.898037121346097 0.217213616910507 0.191646592086077 -0.945270000958256 -0.074047202413180 0.249899297943435 -0.903323057932644 -0.290829919275925 0.254525865026903 -0.897082725377729 -0.305517506654838 0.261012422874516 -0.891720302680411 -0.319745239893860 0.239798407450924 -0.871437231988880 -0.383971300230936 0.206254157593410 -0.919644350215610 -0.283461782467190
0.104904309876903 -0.909761135337448 0.188753003193605 0.204151947982941 -0.939565805688392 -0.140965619082295 0.254525865026903 -0.897082725377729 -0.305517506654838 0.261012422874516 -0.891720302680411 -0.319745239893860 0.265507856688616 -0.888619613801940 -0.324934377179521 0.225560769680297 -0.877737697680360 -0.383261869369260 0.214467581452273 -0.925477970264581 -0.243366191696639
0.132334964241851 -0.928155013109940 0.129671318555129 0.226975091520468 -0.923950903843861 -0.215694590163674 0.261012422874516 -0.891720302680411 -0.319745239893860 0.265507856688616 -0.888619613801940 -0.324934377179521 0.256976953486987 -0.887865716190877 -0.333245367424263 0.208572677524015 -0.888323654052667 -0.368358858402144 0.218225497797159 -0.931208223948944 -0.191344779181346
0.157684546823298 -0.941129994142270 0.052992335999674 0.239940867704713 -0.911970487258144 -0.261043278555542 0.265507856688616 -0.888619613801940 -0.324934377179521 0.256976953486987 -0.887865716190877 -0.333245367424263 0.254589437245407 -0.875862453055490 -0.364294766957512 0.198967604968499 -0.895030284259477 -0.358991612027685 0.220813971657818 -0.934288492020207 -0.127187258774240
0.174655538019968 -0.946689158313214 -0.012259575108372 0.249899297943435 -0.903323057932644 -0.290829919275925 0.256976953486987 -0.887865716190877 -0.333245367424263 0.254589437245407 -0.875862453055490 -0.364294766957512 0.239798407450924 -0.871437231988880 -0.383971300230936 0.199555863343172 -0.905810207701419 -0.330439851403129 0.204249811207931 -0.934774866057233 -0.055139693475779
0.191646592086077 -0.945270000958256 -0.074047202413180 0.254525865026903 -0.897082725377729 -0.305517506654838 0.254589437245407 -0.875862453055490 -0.364294766957512 0.239798407450924 -0.871437231988880 -0.383971300230936 0.225560769680297 -0.877737697680360 -0.383261869369260 0.206254157593410 -0.919644350215610 -0.283461782467190 0.173410417437617 -0.927861027296650 0.021807320625425
0.204151947982941 -0.939565805688392 -0.140965619082295 0.261012422874516 -0.891720302680411 -0.319745239893860 0.239798407450924 -0.871437231988880 -0.383971300230936 0.225560769680297 -0.877737697680360 -0.383261869369260 0.208572677524015 -0.888323654052667 -0.368358858402144 0.214467581452273 -0.925477970264581 -0.243366191696639 0.137820021629554 -0.911139660488584 0.102998390734148
0.226975091520468 -0.923950903843861 -0.215694590163674 0.265507856688616 -0.888619613801940 -0.324934377179521 0.225560769680297 -0.877737697680360 -0.383261869369260 0.208572677524015 -0.888323654052667 -0.368358858402144 0.198967604968499 -0.895030284259477 -0.358991612027685 0.218225497797159 -0.931208223948944 -0.191344779181346 0.101224935179144 -0.889794020674244 0.171926566460366
0.239940867704713 -0.911970487258144 -0.261043278555542 0.256976953486987 -0.887865716190877 -0.333245367424263 0.208572677524015 -0.888323654052667 -0.368358858402144 0.198967604968499 -0.895030284259477 -0.358991612027685 0.199555863343172 -0.905810207701419 -0.330439851403129 0.220813971657818 -0.934288492020207 -0.127187258774240 0.072046735122172 -0.864196595024304 0.233197398946730
0.249899297943435 -0.903323057932644 -0.290829919275925 0.254589437245407 -0.875862453055490 -0.364294766957512 0.198967604968499 -0.895030284259477 -0.358991612027685 0.199555863343172 -0.905810207701419 -0.330439851403129 0.206254157593410 -0.919644350215610 -0.283461782467190 0.204249811207931 -0.934774866057233 -0.055139693475779 0.041260534127791 -0.839918089996175 0.283161649061721
0.254525865026903 -0.897082725377729 -0.305517506654838 0.239798407450924 -0.871437231988880 -0.383971300230936 0.199555863343172 -0.905810207701419 -0.330439851403129 0.206254157593410 -0.919644350215610 -0.283461782467190 0.214467581452273 -0.925477970264581 -0.243366191696639 0.173410417437617 -0.927861027296650 0.021807320625425 0.041894082497962 -0.832315038543571 0.307106439230246
0.261012422874516 -0.891720302680411 -0.319745239893860 0.225560769680297 -0.877737697680360 -0.383261869369260 0.206254157593410 -0.919644350215610 -0.283461782467190 0.214467581452273 -0.925477970264581 -0.243366191696639 0.218225497797159 -0.931208223948944 -0.191344779181346 0.137820021629554 -0.911139660488584 0.102998390734148 0.047207749913768 -0.837968305837142 0.317271502532903
0.265507856688616 -0.888619613801940 -0.324934377179521 0.208572677524015 -0.888323654052667 -0.368358858402144 0.214467581452273 -0.925477970264581 -0.243366191696639 0.218225497797159 -0.931208223948944 -0.191344779181346 0.220813971657818 -0.934288492020207 -0.127187258774240 0.101224935179144 -0.889794020674244 0.171926566460366 0.060089316350751 -0.857486010262058 0.296579648418810
0.256976953486987 -0.887865716190877 -0.333245367424263 0.198967604968499 -0.895030284259477 -0.358991612027685 0.218225497797159 -0.931208223948944 -0.191344779181346 0.220813971657818 -0.934288492020207 -0.127187258774240 0.204249811207931 -0.934774866057233 -0.055139693475779 0.072046735122172 -0.864196595024304 0.233197398946730 0.088061229158495 -0.874058908221530 0.287029780520286
0.254589437245407 -0.875862453055490 -0.364294766957512 0.199555863343172 -0.905810207701419 -0.330439851403129 0.220813971657818 -0.934288492020207 -0.127187258774240 0.204249811207931 -0.934774866057233 -0.055139693475779 0.173410417437617 -0.927861027296650 0.021807320625425 0.041260534127791 -0.839918089996175 0.283161649061721 0.119269347845693 -0.896421133300781 0.252987918206169
0.239798407450924 -0.871437231988880 -0.383971300230936 0.206254157593410 -0.919644350215610 -0.283461782467190 0.204249811207931 -0.934774866057233 -0.055139693475779 0.173410417437617 -0.927861027296650 0.021807320625425 0.137820021629554 -0.911139660488584 0.102998390734148 0.041894082497962 -0.832315038543571 0.307106439230246 0.152267134070947 -0.922136818401442 0.186638856219750
0.225560769680297 -0.877737697680360 -0.383261869369260 0.214467581452273 -0.925477970264581 -0.243366191696639 0.173410417437617 -0.927861027296650 0.021807320625425 0.137820021629554 -0.911139660488584 0.102998390734148 0.101224935179144 -0.889794020674244 0.171926566460366 0.047207749913768 -0.837968305837142 0.317271502532903 0.162897085298186 -0.942324472627289 0.115993097578149
0.208572677524015 -0.888323654052667 -0.368358858402144 0.218225497797159 -0.931208223948944 -0.191344779181346 0.137820021629554 -0.911139660488584 0.102998390734148 0.101224935179144 -0.889794020674244 0.171926566460366 0.072046735122172 -0.864196595024304 0.233197398946730 0.060089316350751 -0.857486010262058 0.296579648418810 0.178249438966546 -0.953703542737579 0.032838662632858
0.198967604968499 -0.895030284259477 -0.358991612027685 0.220813971657818 -0.934288492020207 -0.127187258774240 0.101224935179144 -0.889794020674244 0.171926566460366 0.072046735122172 -0.864196595024304 0.233197398946730 0.041260534127791 -0.839918089996175 0.283161649061721 0.088061229158495 -0.874058908221530 0.287029780520286 0.191277015906849 -0.956378583020858 -0.051227632381583
0.199555863343172 -0.905810207701419 -0.330439851403129 0.204249811207931 -0.934774866057233 -0.055139693475779 0.072046735122172 -0.864196595024304 0.233197398946730 0.041260534127791 -0.839918089996175 0.283161649061721 0.041894082497962 -0.832315038543571 0.307106439230246 0.119269347845693 -0.896421133300781 0.252987918206169 0.200934302598085 -0.951964379220557 -0.130881783876564
0.206254157593410 -0.919644350215610 -0.283461782467190 0.173410417437617 -0.927861027296650 0.021807320625425 0.041260534127791 -0.839918089996175 0.283161649061721 0.041894082497962 -0.832315038543571 0.307106439230246 0.047207749913768 -0.837968305837142 0.317271502532903 0.152267134070947 -0.922136818401442 0.186638856219750 0.207720710118497 -0.940506530842800 -0.209115001070641
0.214467581452273 -0.925477970264581 -0.243366191696639 0.137820021629554 -0.911139660488584 0.102998390734148 0.041894082497962 -0.832315038543571 0.307106439230246 0.047207749913768 -0.837968305837142 0.317271502532903 0.060089316350751 -0.857486010262058 0.296579648418810 0.162897085298186 -0.942324472627289 0.115993097578149 0.216487656277694 -0.923289462492685 -0.278225412236033
0.218225497797159 -0.931208223948944 -0.191344779181346 0.101224935179144 -0.889794020674244 0.171926566460366 0.047207749913768 -0.837968305837142 0.317271502532903 0.060089316350751 -0.857486010262058 0.296579648418810 0.088061229158495 -0.874058908221530 0.287029780520286 0.178249438966546 -0.953703542737579 0.032838662632858 0.232979590807727 -0.906385647797606 -0.322374322525758
0.220813971657818 -0.934288492020207 -0.127187258774240 0.072046735122172 -0.864196595024304 0.233197398946730 0.060089316350751 -0.857486010262058 0.296579648418810 0.088061229158495 -0.874058908221530 0.287029780520286 0.119269347845693 -0.896421133300781 0.252987918206169 0.191277015906849 -0.956378583020858 -0.051227632381583 0.252360422495001 -0.890680483253571 -0.352621537102734
0.204249811207931 -0.934774866057233 -0.055139693475779 0.041260534127791 -0.839918089996175 0.283161649061721 0.088061229158495 -0.874058908221530 0.287029780520286 0.119269347845693 -0.896421133300781 0.252987918206169 0.152267134070947 -0.922136818401442 0.186638856219750 0.200934302598085 -0.951964379220557 -0.130881783876564 0.266479344016782 -0.869770225838120 -0.395174871179030
0.173410417437617 -0.927861027296650 0.021807320625425 0.041894082497962 -0.832315038543571 0.307106439230246 0.119269347845693 -0.896421133300781 0.252987918206169 0.152267134070947 -0.922136818401442 0.186638856219750 0.162897085298186 -0.942324472627289 0.115993097578149 0.207720710118497 -0.940506530842800 -0.209115001070641 0.284482721218066 -0.853733493476034 -0.418980855911613
0.137820021629554 -0.911139660488584 0.102998390734148 0.047207749913768 -0.837968305837142 0.317271502532903 0.152267134070947 -0.922136818401442 0.186638856219750 0.162897085298186 -0.942324472627289 0.115993097578149 0.178249438966546 -0.953703542737579 0.032838662632858 0.216487656277694 -0.923289462492685 -0.278225412236033 0.297413682585991 -0.848342801355543 -0.419850177421890
0.101224935179144 -0.889794020674244 0.171926566460366 0.060089316350751 -0.857486010262058 0.296579648418810 0.162897085298186 -0.942324472627289 0.115993097578149 0.178249438966546 -0.953703542737579 0.032838662632858 0.191277015906849 -0.956378583020858 -0.051227632381583 0.232979590807727 -0.906385647797606 -0.322374322525758 0.297464838565734 -0.861011564712475 -0.391708037450313
0.072046735122172 -0.864196595024304 0.233197398946730 0.088061229158495 -0.874058908221530 0.287029780520286 0.178249438966546 -0.953703542737579 0.032838662632858 0.191277015906849 -0.956378583020858 -0.051227632381583 0.200934302598085 -0.951964379220557 -0.130881783876564 0.252360422495001 -0.890680483253571 -0.352621537102734 0.283487877854162 -0.869037989017788 -0.384122704704780
0.041260534127791 -0.839918089996175 0.283161649061721 0.119269347845693 -0.896421133300781 0.252987918206169 0.191277015906849 -0.956378583020858 -0.051227632381583 0.200934302598085 -0.951964379220557 -0.130881783876564 0.207720710118497 -0.940506530842800 -0.209115001070641 0.266479344016782 -0.869770225838120 -0.395174871179030 0.271442078394082 -0.881740072821299 -0.364455923965179
0.041894082497962 -0.832315038543571 0.307106439230246 0.152267134070947 -0.922136818401442 0.186638856219750 0.200934302598085 -0.951964379220557 -0.130881783876564 0.207720710118497 -0.940506530842800 -0.209115001070641 0.216487656277694 -0.923289462492685 -0.278225412236033 0.284482721218066 -0.853733493476034 -0.418980855911613 0.258916111921908 -0.895254115648919 -0.338661663135325
0.047207749913768 -0.837968305837142 0.317271502532903 0.162897085298186 -0.942324472627289 0.115993097578149 0.207720710118497 -0.940506530842800 -0.209115001070641 0.216487656277694 -0.923289462492685 -0.278225412236033 0.232979590807727 -0.906385647797606 -0.322374322525758 0.297413682585991 -0.848342801355543 -0.419850177421890 0.239116855824682 -0.910028066865564 -0.309205491348555
0.060089316350751 -0.857486010262058 0.296579648418810 0.178249438966546 -0.953703542737579 0.032838662632858 0.216487656277694 -0.923289462492685 -0.278225412236033 0.232979590807727 -0.906385647797606 -0.322374322525758 0.252360422495001 -0.890680483253571 -0.352621537102734 0.297464838565734 -0.861011564712475 -0.391708037450313 0.225867087476593 -0.920524457954302 -0.285395117391016
0.088061229158495 -0.874058908221530 0.287029780520286 0.191277015906849 -0.956378583020858 -0.051227632381583 0.232979590807727 -0.906385647797606 -0.322374322525758 0.252360422495001 -0.890680483253571 -0.352621537102734 0.266479344016782 -0.869770225838120 -0.395174871179030 0.283487877854162 -0.869037989017788 -0.384122704704780 0.218908471344093 -0.932425482222135 -0.247312810485698
0.119269347845693 -0.896421133300781 0.252987918206169 0.200934302598085 -0.951964379220557 -0.130881783876564 0.252360422495001 -0.890680483253571 -0.352621537102734 0.266479344016782 -0.869770225838120 -0.395174871179030 0.284482721218066 -0.853733493476034 -0.418980855911613 0.271442078394082 -0.881740072821299 -0.364455923965179 0.220212455082437 -0.942588666941516 -0.195076227941507
0.152267134070947 -0.922136818401442 0.186638856219750 0.207720710118497 -0.940506530842800 -0.209115001070641 0.266479344016782 -0.869770225838120 -0.395174871179030 0.284482721218066 -0.853733493476034 -0.418980855911613 0.297413682585991 -0.848342801355543 -0.419850177421890 0.258916111921908 -0.895254115648919 -0.338661663135325 0.220451454297856 -0.951362066419284 -0.125588667043829
0.162897085298186 -0.942324472627289 0.115993097578149 0.216487656277694 -0.923289462492685 -0.278225412236033 0.284482721218066 -0.853733493476034 -0.418980855911613 0.297413682585991 -0.848342801355543 -0.419850177421890 0.297464838565734 -0.861011564712475 -0.391708037450313 0.239116855824682 -0.910028066865564 -0.309205491348555 0.217830492386542 -0.954890865802251 -0.061461374470778
0.178249438966546 -0.953703542737579 0.032838662632858 0.232979590807727 -0.906385647797606 -0.322374322525758 0.297413682585991 -0.848342801355543 -0.419850177421890 0.297464838565734 -0.861011564712475 -0.391708037450313 0.283487877854162 -0.869037989017788 -0.384122704704780 0.225867087476593 -0.920524457954302 -0.285395117391016 0.219308869479698 -0.952823474961894 0.010537984534556
0.191277015906849 -0.956378583020858 -0.051227632381583 0.252360422495001 -0.890680483253571 -0.352621537102734 0.297464838565734 -0.861011564712475 -0.391708037450313 0.283487877854162 -0.869037989017788 -0.384122704704780 0.271442078394082 -0.881740072821299 -0.364455923965179 0.218908471344093 -0.932425482222135 -0.247312810485698 0.212768918426911 -0.947901275958448 0.086238522567392
0.200934302598085 -0.951964379220557 -0.130881783876564 0.266479344016782 -0.869770225838120 -0.395174871179030 0.283487877854162 -0.869037989017788 -0.384122704704780 0.271442078394082 -0.881740072821299 -0.364455923965179 0.258916111921908 -0.895254115648919 -0.338661663135325 0.220212455082437 -0.942588666941516 -0.195076227941507 0.203439111587910 -0.938313275239516 0.153358387019662
0.207720710118497 -0.940506530842800 -0.209115001070641 0.284482721218066 -0.853733493476034 -0.418980855911613 0.271442078394082 -0.881740072821299 -0.364455923965179 0.258916111921908 -0.895254115648919 -0.338661663135325 0.239116855824682 -0.910028066865564 -0.309205491348555 0.220451454297856 -0.951362066419284 -0.125588667043829 0.191573322757253 -0.923188887555249 0.219846490846986
0.216487656277694 -0.923289462492685 -0.278225412236033 0.297413682585991 -0.848342801355543 -0.419850177421890 0.258916111921908 -0.895254115648919 -0.338661663135325 0.239116855824682 -0.910028066865564 -0.309205491348555 0.225867087476593 -0.920524457954302 -0.285395117391016 0.217830492386542 -0.954890865802251 -0.061461374470778 0.179357321019492 -0.908628085696722 0.267442541713416
0.232979590807727 -0.906385647797606 -0.322374322525758 0.297464838565734 -0.861011564712475 -0.391708037450313 0.239116855824682 -0.910028066865564 -0.309205491348555 0.225867087476593 -0.920524457954302 -0.285395117391016 0.218908471344093 -0.932425482222135 -0.247312810485698 0.219308869479698 -0.952823474961894 0.010537984534556 0.175602957668852 -0.893402421985598 0.305244660370533
0.252360422495001 -0.890680483253571 -0.352621537102734 0.283487877854162 -0.869037989017788 -0.384122704704780 0.225867087476593 -0.920524457954302 -0.285395117391016 0.218908471344093 -0.932425482222135 -0.247312810485698 0.220212455082437 -0.942588666941516 -0.195076227941507 0.212768918426911 -0.947901275958448 0.086238522567392 0.175344791167307 -0.881826428879690 0.326417747565513
0.266479344016782 -0.869770225838120 -0.395174871179030 0.271442078394082 -0.881740072821299 -0.364455923965179 0.218908471344093 -0.932425482222135 -0.247312810485698 0.220212455082437 -0.942588666941516 -0.195076227941507 0.220451454297856 -0.951362066419284 -0.125588667043829 0.203439111587910 -0.938313275239516 0.153358387019662 0.178856938580803 -0.874544743962700 0.333027034366512
0.284482721218066 -0.853733493476034 -0.418980855911613 0.258916111921908 -0.895254115648919 -0.338661663135325 0.220212455082437 -0.942588666941516 -0.195076227941507 0.220451454297856 -0.951362066419284 -0.125588667043829 0.217830492386542 -0.954890865802251 -0.061461374470778 0.191573322757253 -0.923188887555249 0.219846490846986 0.187257490581075 -0.871909323599491 0.327614596327030
0.297413682585991 -0.848342801355543 -0.419850177421890 0.239116855824682 -0.910028066865564 -0.309205491348555 0.220451454297856 -0.951362066419284 -0.125588667043829 0.217830492386542 -0.954890865802251 -0.061461374470778 0.219308869479698 -0.952823474961894 0.010537984534556 0.179357321019492 -0.908628085696722 0.267442541713416 0.201491875268315 -0.874926542896468 0.310295274888840
0.297464838565734 -0.861011564712475 -0.391708037450313 0.225867087476593 -0.920524457954302 -0.285395117391016 0.217830492386542 -0.954890865802251 -0.061461374470778 0.219308869479698 -0.952823474961894 0.010537984534556 0.212768918426911 -0.947901275958448 0.086238522567392 0.175602957668852 -0.893402421985598 0.305244660370533 0.210724950753221 -0.879606322064736 0.298240510561249
0.283487877854162 -0.869037989017788 -0.384122704704780 0.218908471344093 -0.932425482222135 -0.247312810485698 0.219308869479698 -0.952823474961894 0.010537984534556 0.212768918426911 -0.947901275958448 0.086238522567392 0.203439111587910 -0.938313275239516 0.153358387019662 0.175344791167307 -0.881826428879690 0.326417747565513 0.217768360633255 -0.885358322382393 0.279137237570803
0.271442078394082 -0.881740072821299 -0.364455923965179 0.220212455082437 -0.942588666941516 -0.195076227941507 0.212768918426911 -0.947901275958448 0.086238522567392 0.203439111587910 -0.938313275239516 0.153358387019662 0.191573322757253 -0.923188887555249 0.219846490846986 0.178856938580803 -0.874544743962700 0.333027034366512 0.226861522578697 -0.888693780820253 0.269669010730248
0.258916111921908 -0.895254115648919 -0.338661663135325 0.220451454297856 -0.951362066419284 -0.125588667043829 0.203439111587910 -0.938313275239516 0.153358387019662 0.191573322757253 -0.923188887555249 0.219846490846986 0.179357321019492 -0.908628085696722 0.267442541713416 0.187257490581075 -0.871909323599491 0.327614596327030 0.231979875368563 -0.892631879198273 0.258178925178985
0.239116855824682 -0.910028066865564 -0.309205491348555 0.217830492386542 -0.954890865802251 -0.061461374470778 0.191573322757253 -0.923188887555249 0.219846490846986 0.179357321019492 -0.908628085696722 0.267442541713416 0.175602957668852 -0.893402421985598 0.305244660370533 0.201491875268315 -0.874926542896468 0.310295274888840 0.235097431000877 -0.899078390988264 0.238753591353342
0.225867087476593 -0.920524457954302 -0.285395117391016 0.219308869479698 -0.952823474961894 0.010537984534556 0.179357321019492 -0.908628085696722 0.267442541713416 0.175602957668852 -0.893402421985598 0.305244660370533 0.175344791167307 -0.881826428879690 0.326417747565513 0.210724950753221 -0.879606322064736 0.298240510561249 0.229440401763755 -0.909160488352678 0.210675103051645
0.218908471344093 -0.932425482222135 -0.247312810485698 0.212768918426911 -0.947901275958448 0.086238522567392 0.175602957668852 -0.893402421985598 0.305244660370533 0.175344791167307 -0.881826428879690 0.326417747565513 0.178856938580803 -0.874544743962700 0.333027034366512 0.217768360633255 -0.885358322382393 0.279137237570803 0.226551081288767 -0.917469678802746 0.172865875532519
0.220212455082437 -0.942588666941516 -0.195076227941507 0.203439111587910 -0.938313275239516 0.153358387019662 0.175344791167307 -0.881826428879690 0.326417747565513 0.178856938580803 -0.874544743962700 0.333027034366512 0.187257490581075 -0.871909323599491 0.327614596327030 0.226861522578697 -0.888693780820253 0.269669010730248 0.218589247068118 -0.925427388860884 0.131247561681393
0.220451454297856 -0.951362066419284 -0.125588667043829 0.191573322757253 -0.923188887555249 0.219846490846986 0.178856938580803 -0.874544743962700 0.333027034366512 0.187257490581075 -0.871909323599491 0.327614596327030 0.201491875268315 -0.874926542896468 0.310295274888840 0.231979875368563 -0.892631879198273 0.258178925178985 0.207185419000190 -0.929755933002302 0.091091950740959
0.217830492386542 -0.954890865802251 -0.061461374470778 0.179357321019492 -0.908628085696722 0.267442541713416 0.187257490581075 -0.871909323599491 0.327614596327030 0.201491875268315 -0.874926542896468 0.310295274888840 0.210724950753221 -0.879606322064736 0.298240510561249 0.235097431000877 -0.899078390988264 0.238753591353342 0.188195776497702 -0.927686565311496 0.058584328428071
0.219308869479698 -0.952823474961894 0.010537984534556 0.175602957668852 -0.893402421985598 0.305244660370533 0.201491875268315 -0.874926542896468 0.310295274888840 0.210724950753221 -0.879606322064736 0.298240510561249 0.217768360633255 -0.885358322382393 0.279137237570803 0.229440401763755 -0.909160488352678 0.210675103051645 0.168416194999150 -0.918786520698576 0.042288283070409
0.212768918426911 -0.947901275958448 0.086238522567392 0.175344791167307 -0.881826428879690 0.326417747565513 0.210724950753221 -0.879606322064736 0.298240510561249 0.217768360633255 -0.885358322382393 0.279137237570803 0.226861522578697 -0.888693780820253 0.269669010730248 0.226551081288767 -0.917469678802746 0.172865875532519 0.148441833038517 -0.902897338351047 0.040157101947214
0.203439111587910 -0.938313275239516 0.153358387019662 0.178856938580803 -0.874544743962700 0.333027034366512 0.217768360633255 -0.885358322382393 0.279137237570803 0.226861522578697 -0.888693780820253 0.269669010730248 0.231979875368563 -0.892631879198273 0.258178925178985 0.218589247068118 -0.925427388860884 0.131247561681393 0.129409378895365 -0.882072275625502 0.057359154440736
0.191573322757253 -0.923188887555249 0.219846490846986 0.187257490581075 -0.871909323599491 0.327614596327030 0.226861522578697 -0.888693780820253 0.269669010730248 0.231979875368563 -0.892631879198273 0.258178925178985 0.235097431000877 -0.899078390988264 0.238753591353342 0.207185419000190 -0.929755933002302 0.091091950740959 0.124433831668487 -0.868353648482498 0.082149206972769
0.179357321019492 -0.908628085696722 0.267442541713416 0.201491875268315 -0.874926542896468 0.310295274888840 0.231979875368563 -0.892631879198273 0.258178925178985 0.235097431000877 -0.899078390988264 0.238753591353342 0.229440401763755 -0.909160488352678 0.210675103051645 0.188195776497702 -0.927686565311496 0.058584328428071 0.120556886227095 -0.859728565702384 0.112757285877767
0.175602957668852 -0.893402421985598 0.305244660370533 0.210724950753221 -0.879606322064736 0.298240510561249 0.235097431000877 -0.899078390988264 0.238753591353342 0.229440401763755 -0.909160488352678 0.210675103051645 0.226551081288767 -0.917469678802746 0.172865875532519 0.168416194999150 -0.918786520698576 0.042288283070409 0.129826403526821 -0.858623692040667 0.143163150332937
0.175344791167307 -0.881826428879690 0.326417747565513 0.217768360633255 -0.885358322382393 0.279137237570803 0.229440401763755 -0.909160488352678 0.210675103051645 0.226551081288767 -0.917469678802746 0.172865875532519 0.218589247068118 -0.925427388860884 0.131247561681393 0.148441833038517 -0.902897338351047 0.040157101947214 0.139720829723262 -0.862789464702044 0.169097667559356
0.178856938580803 -0.874544743962700 0.333027034366512 0.226861522578697 -0.888693780820253 0.269669010730248 0.226551081288767 -0.917469678802746 0.172865875532519 0.218589247068118 -0.925427388860884 0.131247561681393 0.207185419000190 -0.929755933002302 0.091091950740959 0.129409378895365 -0.882072275625502 0.057359154440736 0.157710260488978 -0.871056541740379 0.186206592841830
0.187257490581075 -0.871909323599491 0.327614596327030 0.231979875368563 -0.892631879198273 0.258178925178985 0.218589247068118 -0.925427388860884 0.131247561681393 0.207185419000190 -0.929755933002302 0.091091950740959 0.188195776497702 -0.927686565311496 0.058584328428071 0.124433831668487 -0.868353648482498 0.082149206972769 0.185291959387256 -0.878529405839128 0.205791846910420
0.201491875268315 -0.874926542896468 0.310295274888840 0.235097431000877 -0.899078390988264 0.238753591353342 0.207185419000190 -0.929755933002302 0.091091950740959 0.188195776497702 -0.927686565311496 0.058584328428071 0.168416194999150 -0.918786520698576 0.042288283070409 0.120556886227095 -0.859728565702384 0.112757285877767 0.199240152174852 -0.881922762986747 0.217567108931585
0.210724950753221 -0.879606322064736 0.298240510561249 0.229440401763755 -0.909160488352678 0.210675103051645 0.188195776497702 -0.927686565311496 0.058584328428071 0.168416194999150 -0.918786520698576 0.042288283070409 0.148441833038517 -0.902897338351047 0.040157101947214 0.129826403526821 -0.858623692040667 0.143163150332937 0.212359947393724 -0.884434140197419 0.220616462541713
0.217768360633255 -0.885358322382393 0.279137237570803 0.226551081288767 -0.917469678802746 0.172865875532519 0.168416194999150 -0.918786520698576 0.042288283070409 0.148441833038517 -0.902897338351047 0.040157101947214 0.129409378895365 -0.882072275625502 0.057359154440736 0.139720829723262 -0.862789464702044 0.169097667559356 0.220313438926894 -0.890008204003422 0.217826570566959
0.226861522578697 -0.888693780820253 0.269669010730248 0.218589247068118 -0.925427388860884 0.131247561681393 0.148441833038517 -0.902897338351047 0.040157101947214 0.129409378895365 -0.882072275625502 0.057359154440736 0.124433831668487 -0.868353648482498 0.082149206972769 0.157710260488978 -0.871056541740379 0.186206592841830 0.225309096568865 -0.895988835759450 0.214053408595939
0.231979875368563 -0.892631879198273 0.258178925178985 0.207185419000190 -0.929755933002302 0.091091950740959 0.129409378895365 -0.882072275625502 0.057359154440736 0.124433831668487 -0.868353648482498 0.082149206972769 0.120556886227095 -0.859728565702384 0.112757285877767 0.185291959387256 -0.878529405839128 0.205791846910420 0.228279510828532 -0.902101450293574 0.205223369007292
0.235097431000877 -0.899078390988264 0.238753591353342 0.188195776497702 -0.927686565311496 0.058584328428071 0.124433831668487 -0.868353648482498 0.082149206972769 0.120556886227095 -0.859728565702384 0.112757285877767 0.129826403526821 -0.858623692040667 0.143163150332937 0.199240152174852 -0.881922762986747 0.217567108931585 0.224842311198208 -0.907288122383085 0.197836317310795
0.229440401763755 -0.909160488352678 0.210675103051645 0.168416194999150 -0.918786520698576 0.042288283070409 0.120556886227095 -0.859728565702384 0.112757285877767 0.129826403526821 -0.858623692040667 0.143163150332937 0.139720829723262 -0.862789464702044 0.169097667559356 0.212359947393724 -0.884434140197419 0.220616462541713 0.224914204736069 -0.911053927828363 0.187223336450825
0.226551081288767 -0.917469678802746 0.172865875532519 0.148441833038517 -0.902897338351047 0.040157101947214 0.129826403526821 -0.858623692040667 0.143163150332937 0.139720829723262 -0.862789464702044 0.169097667559356 0.157710260488978 -0.871056541740379 0.186206592841830 0.220313438926894 -0.890008204003422 0.217826570566959 0.221180071214892 -0.914219702066121 0.179585025206772
0.218589247068118 -0.925427388860884 0.131247561681393 0.129409378895365 -0.882072275625502 0.057359154440736 0.139720829723262 -0.862789464702044 0.169097667559356 0.157710260488978 -0.871056541740379 0.186206592841830 0.185291959387256 -0.878529405839128 0.205791846910420 0.225309096568865 -0.895988835759450 0.214053408595939 0.216303315283717 -0.918141838248351 0.169585552711793
0.207185419000190 -0.929755933002302 0.091091950740959 0.124433831668487 -0.868353648482498 0.082149206972769 0.157710260488978 -0.871056541740379 0.186206592841830 0.185291959387256 -0.878529405839128 0.205791846910420 0.199240152174852 -0.881922762986747 0.217567108931585 0.228279510828532 -0.902101450293574 0.205223369007292 0.215381250044054 -0.920400875423476 0.156970132255295
0.188195776497702 -0.927686565311496 0.058584328428071 0.120556886227095 -0.859728565702384 0.112757285877767 0.185291959387256 -0.878529405839128 0.205791846910420 0.199240152174852 -0.881922762986747 0.217567108931585 0.212359947393724 -0.884434140197419 0.220616462541713 0.224842311198208 -0.907288122383085 0.197836317310795 0.211398136109782 -0.923219834003623 0.143277539181245
0.168416194999150 -0.918786520698576 0.042288283070409 0.129826403526821 -0.858623692040667 0.143163150332937 0.199240152174852 -0.881922762986747 0.217567108931585 0.212359947393724 -0.884434140197419 0.220616462541713 0.220313438926894 -0.890008204003422 0.217826570566959 0.224914204736069 -0.911053927828363 0.187223336450825 0.211700043634057 -0.924395253715923 0.131567427726925
0.148441833038517 -0.902897338351047 0.040157101947214 0.139720829723262 -0.862789464702044 0.169097667559356 0.212359947393724 -0.884434140197419 0.220616462541713 0.220313438926894 -0.890008204003422 0.217826570566959 0.225309096568865 -0.895988835759450 0.214053408595939 0.221180071214892 -0.914219702066121 0.179585025206772 0.212671730783003 -0.925445578006333 0.123605257573568
0.129409378895365 -0.882072275625502 0.057359154440736 0.157710260488978 -0.871056541740379 0.186206592841830 0.220313438926894 -0.890008204003422 0.217826570566959 0.225309096568865 -0.895988835759450 0.214053408595939 0.228279510828532 -0.902101450293574 0.205223369007292 0.216303315283717 -0.918141838248351 0.169585552711793 0.215269071557839 -0.927479167083425 0.107430799197323
0.124433831668487 -0.868353648482498 0.082149206972769 0.185291959387256 -0.878529405839128 0.205791846910420 0.225309096568865 -0.895988835759450 0.214053408595939 0.228279510828532 -0.902101450293574 0.205223369007292 0.224842311198208 -0.907288122383085 0.197836317310795 0.215381250044054 -0.920400875423476 0.156970132255295 0.217578492765086 -0.928250373997956 0.093643140432646
0.120556886227095 -0.859728565702384 0.112757285877767 0.199240152174852 -0.881922762986747 0.217567108931585 0.228279510828532 -0.902101450293574 0.205223369007292 0.224842311198208 -0.907288122383085 0.197836317310795 0.224914204736069 -0.911053927828363 0.187223336450825 0.211398136109782 -0.923219834003623 0.143277539181245 0.217502727109075 -0.929434730438781 0.082000741113355
0.129826403526821 -0.858623692040667 0.143163150332937 0.212359947393724 -0.884434140197419 0.220616462541713 0.224842311198208 -0.907288122383085 0.197836317310795 0.224914204736069 -0.911053927828363 0.187223336450825 0.221180071214892 -0.914219702066121 0.179585025206772 0.211700043634057 -0.924395253715923 0.131567427726925 0.216110530894110 -0.931201076328903 0.064866012667088
0.139720829723262 -0.862789464702044 0.169097667559356 0.220313438926894 -0.890008204003422 0.217826570566959 0.224914204736069 -0.911053927828363 0.187223336450825 0.221180071214892 -0.914219702066121 0.179585025206772 0.216303315283717 -0.918141838248351 0.169585552711793 0.212671730783003 -0.925445578006333 0.123605257573568 0.211720344270543 -0.933003483552889 0.052497890601730
0.157710260488978 -0.871056541740379 0.186206592841830 0.225309096568865 -0.895988835759450 0.214053408595939 0.221180071214892 -0.914219702066121 0.179585025206772 0.216303315283717 -0.918141838248351 0.169585552711793 0.215381250044054 -0.920400875423476 0.156970132255295 0.215269071557839 -0.927479167083425 0.107430799197323 0.205746685816589 -0.934576907998000 0.040487544295219
0.185291959387256 -0.878529405839128 0.205791846910420 0.228279510828532 -0.902101450293574 0.205223369007292 0.216303315283717 -0.918141838248351 0.169585552711793 0.215381250044054 -0.920400875423476 0.156970132255295 0.211398136109782 -0.923219834003623 0.143277539181245 0.217578492765086 -0.928250373997956 0.093643140432646 0.201029844860005 -0.935126579672189 0.031419575491310
0.199240152174852 -0.881922762986747 0.217567108931585 0.224842311198208 -0.907288122383085 0.197836317310795 0.215381250044054 -0.920400875423476 0.156970132255295 0.211398136109782 -0.923219834003623 0.143277539181245 0.211700043634057 -0.924395253715923 0.131567427726925 0.217502727109075 -0.929434730438781 0.082000741113355 0.195763234199768 -0.935513782894792 0.025209735924307
0.212359947393724 -0.884434140197419 0.220616462541713 0.224914204736069 -0.911053927828363 0.187223336450825 0.211398136109782 -0.923219834003623 0.143277539181245 0.211700043634057 -0.924395253715923 0.131567427726925 0.212671730783003 -0.925445578006333 0.123605257573568 0.216110530894110 -0.931201076328903 0.064866012667088 0.191289488999686 -0.935897206977541 0.019958167043103
0.220313438926894 -0.890008204003422 0.217826570566959 0.221180071214892 -0.914219702066121 0.179585025206772 0.211700043634057 -0.924395253715923 0.131567427726925 0.212671730783003 -0.925445578006333 0.123605257573568 0.215269071557839 -0.927479167083425 0.107430799197323 0.211720344270543 -0.933003483552889 0.052497890601730 0.188877320493325 -0.936219677084803 0.015375815186696
0.225309096568865 -0.895988835759450 0.214053408595939 0.216303315283717 -0.918141838248351 0.169585552711793 0.212671730783003 -0.925445578006333 0.123605257573568 0.215269071557839 -0.927479167083425 0.107430799197323 0.217578492765086 -0.928250373997956 0.093643140432646 0.205746685816589 -0.934576907998000 0.040487544295219 0.186719910307769 -0.936425527825334 0.011770183763550
0.228279510828532 -0.902101450293574 0.205223369007292 0.215381250044054 -0.920400875423476 0.156970132255295 0.215269071557839 -0.927479167083425 0.107430799197323 0.217578492765086 -0.928250373997956 0.093643140432646 0.217502727109075 -0.929434730438781 0.082000741113355 0.201029844860005 -0.935126579672189 0.031419575491310 0.184947938417407 -0.936535955556364 0.009041634234675
0.224842311198208 -0.907288122383085 0.197836317310795 0.211398136109782 -0.923219834003623 0.143277539181245 0.217578492765086 -0.928250373997956 0.093643140432646 0.217502727109075 -0.929434730438781 0.082000741113355 0.216110530894110 -0.931201076328903 0.064866012667088 0.195763234199768 -0.935513782894792 0.025209735924307 0.183456873302555 -0.936627362372248 0.006918713472174
0.224914204736069 -0.911053927828363 0.187223336450825 0.211700043634057 -0.924395253715923 0.131567427726925 0.217502727109075 -0.929434730438781 0.082000741113355 0.216110530894110 -0.931201076328903 0.064866012667088 0.211720344270543 -0.933003483552889 0.052497890601730 0.191289488999686 -0.935897206977541 0.019958167043103 0.182320809700194 -0.936705376570234 0.005211459905508
0.221180071214892 -0.914219702066121 0.179585025206772 0.212671730783003 -0.925445578006333 0.123605257573568 0.216110530894110 -0.931201076328903 0.064866012667088 0.211720344270543 -0.933003483552889 0.052497890601730 0.205746685816589 -0.934576907998000 0.040487544295219 0.188877320493325 -0.936219677084803 0.015375815186696 0.181496194239279 -0.936764349428995 0.003839536762072
0.216303315283717 -0.918141838248351 0.169585552711793 0.215269071557839 -0.927479167083425 0.107430799197323 0.211720344270543 -0.933003483552889 0.052497890601730 0.205746685816589 -0.934576907998000 0.040487544295219 0.201029844860005 -0.935126579672189 0.031419575491310 0.186719910307769 -0.936425527825334 0.011770183763550 0.180818920446212 -0.936804712993971 0.002774064619894
0.215381250044054 -0.920400875423476 0.156970132255295 0.217578492765086 -0.928250373997956 0.093643140432646 0.205746685816589 -0.934576907998000 0.040487544295219 0.201029844860005 -0.935126579672189 0.031419575491310 0.195763234199768 -0.935513782894792 0.025209735924307 0.184947938417407 -0.936535955556364 0.009041634234675 0.180279918596799 -0.936833236717094 0.001945486908597
0.211398136109782 -0.923219834003623 0.143277539181245 0.217502727109075 -0.929434730438781 0.082000741113355 0.201029844860005 -0.935126579672189 0.031419575491310 0.195763234199768 -0.935513782894792 0.025209735924307 0.191289488999686 -0.935897206977541 0.019958167043103 0.183456873302555 -0.936627362372248 0.006918713472174 0.179854434765698 -0.936856436888389 0.001293084005078
0.211700043634057 -0.924395253715923 0.131567427726925 0.216110530894110 -0.931201076328903 0.064866012667088 0.195763234199768 -0.935513782894792 0.025209735924307 0.191289488999686 -0.935897206977541 0.019958167043103 0.188877320493325 -0.936219677084803 0.015375815186696 0.182320809700194 -0.936705376570234 0.005211459905508 0.179525533139385 -0.936875023681340 0.000778254638289
0.212671730783003 -0.925445578006333 0.123605257573568 0.211720344270543 -0.933003483552889 0.052497890601730 0.191289488999686 -0.935897206977541 0.019958167043103 0.188877320493325 -0.936219677084803 0.015375815186696 0.186719910307769 -0.936425527825334 0.011770183763550 0.181496194239279 -0.936764349428995 0.003839536762072 0.179269778352085 -0.936889295225652 0.000371787171949
0.215269071557839 -0.927479167083425 0.107430799197323 0.205746685816589 -0.934576907998000 0.040487544295219 0.188877320493325 -0.936219677084803 0.015375815186696 0.186719910307769 -0.936425527825334 0.011770183763550 0.184947938417407 -0.936535955556364 0.009041634234675 0.180818920446212 -0.936804712993971 0.002774064619894 0.179067053735679 -0.936899635694004 0.000055874101657
0.217578492765086 -0.928250373997956 0.093643140432646 0.201029844860005 -0.935126579672189 0.031419575491310 0.186719910307769 -0.936425527825334 0.011770183763550 0.184947938417407 -0.936535955556364 0.009041634234675 0.183456873302555 -0.936627362372248 0.006918713472174 0.180279918596799 -0.936833236717094 0.001945486908597 0.178907282038967 -0.936907950524962 -0.000192130923124
0.217502727109075 -0.929434730438781 0.082000741113355 0.195763234199768 -0.935513782894792 0.025209735924307 0.184947938417407 -0.936535955556364 0.009041634234675 0.183456873302555 -0.936627362372248 0.006918713472174 0.182320809700194 -0.936705376570234 0.005211459905508 0.179854434765698 -0.936856436888389 0.001293084005078 0.178780958232178 -0.936914672148063 -0.000385948218980
0.216110530894110 -0.931201076328903 0.064866012667088 0.191289488999686 -0.935897206977541 0.019958167043103 0.183456873302555 -0.936627362372248 0.006918713472174 0.182320809700194 -0.936705376570234 0.005211459905508 0.181496194239279 -0.936764349428995 0.003839536762072 0.179525533139385 -0.936875023681340 0.000778254638289 0.178683448337821 -0.936919676819158 -0.000540433980952
0.211720344270543 -0.933003483552889 0.052497890601730 0.188877320493325 -0.936219677084803 0.015375815186696 0.182320809700194 -0.936705376570234 0.005211459905508 0.181496194239279 -0.936764349428995 0.003839536762072 0.180818920446212 -0.936804712993971 0.002774064619894 0.179269778352085 -0.936889295225652 0.000371787171949 0.178607455496036 -0.936923350440828 -0.000661485005466
0.205746685816589 -0.934576907998000 0.040487544295219 0.186719910307769 -0.936425527825334 0.011770183763550 0.181496194239279 -0.936764349428995 0.003839536762072 0.180818920446212 -0.936804712993971 0.002774064619894 0.180279918596799 -0.936833236717094 0.001945486908597 0.179067053735679 -0.936899635694004 0.000055874101657 0.178547438755768 -0.936926484241280 -0.000754620051327
0.201029844860005 -0.935126579672189 0.031419575491310 0.184947938417407 -0.936535955556364 0.009041634234675 0.180818920446212 -0.936804712993971 0.002774064619894 0.180279918596799 -0.936833236717094 0.001945486908597 0.179854434765698 -0.936856436888389 0.001293084005078 0.178907282038967 -0.936907950524962 -0.000192130923124 0.178499003835944 -0.936929197648269 -0.000828649344752
0.195763234199768 -0.935513782894792 0.025209735924307 0.183456873302555 -0.936627362372248 0.006918713472174 0.180279918596799 -0.936833236717094 0.001945486908597 0.179854434765698 -0.936856436888389 0.001293084005078 0.179525533139385 -0.936875023681340 0.000778254638289 0.178780958232178 -0.936914672148063 -0.000385948218980 0.178461946940932 -0.936931049543106 -0.000885798578457
0.191289488999686 -0.935897206977541 0.019958167043103 0.182320809700194 -0.936705376570234 0.005211459905508 0.179854434765698 -0.936856436888389 0.001293084005078 0.179525533139385 -0.936875023681340 0.000778254638289 0.179269778352085 -0.936889295225652 0.000371787171949 0.178683448337821 -0.936919676819158 -0.000540433980952 0.178434074841801 -0.936932201308043 -0.000931878996210
0.188877320493325 -0.936219677084803 0.015375815186696 0.181496194239279 -0.936764349428995 0.003839536762072 0.179525533139385 -0.936875023681340 0.000778254638289 0.179269778352085 -0.936889295225652 0.000371787171949 0.179067053735679 -0.936899635694004 0.000055874101657 0.178607455496036 -0.936923350440828 -0.000661485005466 0.178413036409409 -0.936933078351907 -0.000967578540837
0.186719910307769 -0.936425527825334 0.011770183763550 0.180818920446212 -0.936804712993971 0.002774064619894 0.179269778352085 -0.936889295225652 0.000371787171949 0.179067053735679 -0.936899635694004 0.000055874101657 0.178907282038967 -0.936907950524962 -0.000192130923124 0.178547438755768 -0.936926484241280 -0.000754620051327 0.178392828251337 -0.936934393670473 -0.000994020467300
0.184947938417407 -0.936535955556364 0.009041634234675 0.180279918596799 -0.936833236717094 0.001945486908597 0.179067053735679 -0.936899635694004 0.000055874101657 0.178907282038967 -0.936907950524962 -0.000192130923124 0.178780958232178 -0.936914672148063 -0.000385948218980 0.178499003835944 -0.936929197648269 -0.000828649344752 0.178380701883611 -0.936934925015195 -0.001016659163492
0.183456873302555 -0.936627362372248 0.006918713472174 0.179854434765698 -0.936856436888389 0.001293084005078 0.178907282038967 -0.936907950524962 -0.000192130923124 0.178780958232178 -0.936914672148063 -0.000385948218980 0.178683448337821 -0.936919676819158 -0.000540433980952 0.178461946940932 -0.936931049543106 -0.000885798578457 0.178367621242736 -0.936935642903564 -0.001034230592842
0.182320809700194 -0.936705376570234 0.005211459905508 0.179525533139385 -0.936875023681340 0.000778254638289 0.178780958232178 -0.936914672148063 -0.000385948218980 0.178683448337821 -0.936919676819158 -0.000540433980952 0.178607455496036 -0.936923350440828 -0.000661485005466 0.178434074841801 -0.936932201308043 -0.000931878996210 0.178359667086420 -0.936935949096157 -0.001046433057347
0.181496194239279 -0.936764349428995 0.003839536762072 0.179269778352085 -0.936889295225652 0.000371787171949 0.178683448337821 -0.936919676819158 -0.000540433980952 0.178607455496036 -0.936923350440828 -0.000661485005466 0.178547438755768 -0.936926484241280 -0.000754620051327 0.178413036409409 -0.936933078351907 -0.000967578540837 0.178352192255269 -0.936936636377278 -0.001058507301817
0.180818920446212 -0.936804712993971 0.002774064619894 0.179067053735679 -0.936899635694004 0.000055874101657 0.178607455496036 -0.936923350440828 -0.000661485005466 0.178547438755768 -0.936926484241280 -0.000754620051327 0.178499003835944 -0.936929197648269 -0.000828649344752 0.178392828251337 -0.936934393670473 -0.000994020467300 0.178347467471958 -0.936936629058960 -0.001066609201371
0.180279918596799 -0.936833236717094 0.001945486908597 0.178907282038967 -0.936907950524962 -0.000192130923124 0.178547438755768 -0.936926484241280 -0.000754620051327 0.178499003835944 -0.936929197648269 -0.000828649344752 0.178461946940932 -0.936931049543106 -0.000885798578457 0.178380701883611 -0.936934925015195 -0.001016659163492 0.178345143269867 -0.936936489346536 -0.001071666812768
0.179854434765698 -0.936856436888389 0.001293084005078 0.178780958232178 -0.936914672148063 -0.000385948218980 0.178499003835944 -0.936929197648269 -0.000828649344752 0.178461946940932 -0.936931049543106 -0.000885798578457 0.178434074841801 -0.936932201308043 -0.000931878996210 0.178367621242736 -0.936935642903564 -0.001034230592842 0.178342212417617 -0.936936597002499 -0.001078210694188
0.179525533139385 -0.936875023681340 0.000778254638289 0.178683448337821 -0.936919676819158 -0.000540433980952 0.178461946940932 -0.936931049543106 -0.000885798578457 0.178434074841801 -0.936932201308043 -0.000931878996210 0.178413036409409 -0.936933078351907 -0.000967578540837 0.178359667086420 -0.936935949096157 -0.001046433057347 0.178339371662646 -0.936936824382037 -0.001081909826042
0.179269778352085 -0.936889295225652 0.000371787171949 0.178607455496036 -0.936923350440828 -0.000661485005466 0.178434074841801 -0.936932201308043 -0.000931878996210 0.178413036409409 -0.936933078351907 -0.000967578540837 0.178392828251337 -0.936934393670473 -0.000994020467300 0.178352192255269 -0.936936636377278 -0.001058507301817 0.178336575039817 -0.936937072951271 -0.001085692614230
0.179067053735679 -0.936899635694004 0.000055874101657 0.178547438755768 -0.936926484241280 -0.000754620051327 0.178413036409409 -0.936933078351907 -0.000967578540837 0.178392828251337 -0.936934393670473 -0.000994020467300 0.178380701883611 -0.936934925015195 -0.001016659163492 0.178347467471958 -0.936936629058960 -0.001066609201371 0.178334080300160 -0.936937400512565 -0.001087033793808
0.178907282038967 -0.936907950524962 -0.000192130923124 0.178499003835944 -0.936929197648269 -0.000828649344752 0.178392828251337 -0.936934393670473 -0.000994020467300 0.178380701883611 -0.936934925015195 -0.001016659163492 0.178367621242736 -0.936935642903564 -0.001034230592842 0.178345143269867 -0.936936489346536 -0.001071666812768 0.178334119541368 -0.936937092985520 -0.001089673515712
0.178780958232178 -0.936914672148063 -0.000385948218980 0.178461946940932 -0.936931049543106 -0.000885798578457 0.178380701883611 -0.936934925015195 -0.001016659163492 0.178367621242736 -0.936935642903564 -0.001034230592842 0.178359667086420 -0.936935949096157 -0.001046433057347 0.178342212417617 -0.936936597002499 -0.001078210694188 0.178332912542813 -0.936937173969867 -0.001092269060199
0.178683448337821 -0.936919676819158 -0.000540433980952 0.178434074841801 -0.936932201308043 -0.000931878996210 0.178367621242736 -0.936935642903564 -0.001034230592842 0.178359667086420 -0.936935949096157 -0.001046433057347 0.178352192255269 -0.936936636377278 -0.001058507301817 0.178339371662646 -0.936936824382037 -0.001081909826042 0.178332816610483 -0.936937191084392 -0.001093250659848
0.178607455496036 -0.936923350440828 -0.000661485005466 0.178413036409409 -0.936933078351907 -0.000967578540837 0.178359667086420 -0.936935949096157 -0.001046433057347 0.178352192255269 -0.936936636377278 -0.001058507301817 0.178347467471958 -0.936936629058960 -0.001066609201371 0.178336575039817 -0.936937072951271 -0.001085692614230 0.178329615498444 -0.936937800368348 -0.001093248115751
0.178547438755768 -0.936926484241280 -0.000754620051327 0.178392828251337 -0.936934393670473 -0.000994020467300 0.178352192255269 -0.936936636377278 -0.001058507301817 0.178347467471958 -0.936936629058960 -0.001066609201371 0.178345143269867 -0.936936489346536 -0.001071666812768 0.178334080300160 -0.936937400512565 -0.001087033793808 0.178330025078787 -0.936937425824059 -0.001092901195400
0.178499003835944 -0.936929197648269 -0.000828649344752 0.178380701883611 -0.936934925015195 -0.001016659163492 0.178347467471958 -0.936936629058960 -0.001066609201371 0.178345143269867 -0.936936489346536 -0.001071666812768 0.178342212417617 -0.936936597002499 -0.001078210694188 0.178334119541368 -0.936937092985520 -0.001089673515712 0.178331281442014 -0.936937184101515 -0.001095123102999
0.178461946940932 -0.936931049543106 -0.000885798578457 0.178367621242736 -0.936935642903564 -0.001034230592842 0.178345143269867 -0.936936489346536 -0.001071666812768 0.178342212417617 -0.936936597002499 -0.001078210694188 0.178339371662646 -0.936936824382037 -0.001081909826042 0.178332912542813 -0.936937173969867 -0.001092269060199 0.178328845192733 -0.936937502029158 -0.001095158038707
0.178434074841801 -0.936932201308043 -0.000931878996210 0.178359667086420 -0.936935949096157 -0.001046433057347 0.178342212417617 -0.936936597002499 -0.001078210694188 0.178339371662646 -0.936936824382037 -0.001081909826042 0.178336575039817 -0.936937072951271 -0.001085692614230 0.178332816610483 -0.936937191084392 -0.001093250659848 0.178328813214551 -0.936937507733103 -0.001095485241327
0.178413036409409 -0.936933078351907 -0.000967578540837 0.178352192255269 -0.936936636377278 -0.001058507301817 0.178339371662646 -0.936936824382037 -0.001081909826042 0.178336575039817 -0.936937072951271 -0.001085692614230 0.178334080300160 -0.936937400512565 -0.001087033793808 0.178329615498444 -0.936937800368348 -0.001093248115751 0.178328813214551 -0.936937507733103 -0.001095485241327
0.178392828251337 -0.936934393670473 -0.000994020467300 0.178347467471958 -0.936936629058960 -0.001066609201371 0.178336575039817 -0.936937072951271 -0.001085692614230 0.178334080300160 -0.936937400512565 -0.001087033793808 0.178334119541368 -0.936937092985520 -0.001089673515712 0.178330025078787 -0.936937425824059 -0.001092901195400 0.178328781236348 -0.936937513436936 -0.001095812443952
0.178380701883611 -0.936934925015195 -0.001016659163492 0.178345143269867 -0.936936489346536 -0.001071666812768 0.178334080300160 -0.936937400512565 -0.001087033793808 0.178334119541368 -0.936937092985520 -0.001089673515712 0.178332912542813 -0.936937173969867 -0.001092269060199 0.178331281442014 -0.936937184101515 -0.001095123102999 0.178328781236348 -0.936937513436936 -0.001095812443952
0.178367621242736 -0.936935642903564 -0.001034230592842 0.178342212417617 -0.936936597002499 -0.001078210694188 0.178334119541368 -0.936937092985520 -0.001089673515712 0.178332912542813 -0.936937173969867 -0.001092269060199 0.178332816610483 -0.936937191084392 -0.001093250659848 0.178328845192733 -0.936937502029158 -0.001095158038707 0.178328749258123 -0.936937519140658 -0.001096139646582
0.178359667086420 -0.936935949096157 -0.001046433057347 0.178339371662646 -0.936936824382037 -0.001081909826042 0.178332912542813 -0.936937173969867 -0.001092269060199 0.178332816610483 -0.936937191084392 -0.001093250659848 0.178329615498444 -0.936937800368348 -0.001093248115751 0.178328813214551 -0.936937507733103 -0.001095485241327 0.178328749258123 -0.936937519140658 -0.001096139646582
0.178352192255269 -0.936936636377278 -0.001058507301817 0.178336575039817 -0.936937072951271 -0.001085692614230 0.178332816610483 -0.936937191084392 -0.001093250659848 0.178329615498444 -0.936937800368348 -0.001093248115751 0.178330025078787 -0.936937425824059 -0.001092901195400 0.178328813214551 -0.936937507733103 -0.001095485241327 0.178328717279877 -0.936937524844269 -0.001096466849217
0.178347467471958 -0.936936629058960 -0.001066609201371 0.178334080300160 -0.936937400512565 -0.001087033793808 0.178329615498444 -0.936937800368348 -0.001093248115751 0.178330025078787 -0.936937425824059 -0.001092901195400 0.178331281442014 -0.936937184101515 -0.001095123102999 0.178328781236348 -0.936937513436936 -0.001095812443952 0.178328717279877 -0.936937524844269 -0.001096466849217
0.178345143269867 -0.936936489346536 -0.001071666812768 0.178334119541368 -0.936937092985520 -0.001089673515712 0.178330025078787 -0.936937425824059 -0.001092901195400 0.178331281442014 -0.936937184101515 -0.001095123102999 0.178328845192733 -0.936937502029158 -0.001095158038707 0.178328781236348 -0.936937513436936 -0.001095812443952 0.178328717279877 -0.936937524844269 -0.001096466849217
0.178342212417617 -0.936936597002499 -0.001078210694188 0.178332912542813 -0.936937173969867 -0.001092269060199 0.178331281442014 -0.936937184101515 -0.001095123102999 0.178328845192733 -0.936937502029158 -0.001095158038707 0.178328813214551 -0.936937507733103 -0.001095485241327 0.178328749258123 -0.936937519140658 -0.001096139646582 0.178328717279877 -0.936937524844269 -0.001096466849217
0.178339371662646 -0.936936824382037 -0.001081909826042 0.178332816610483 -0.936937191084392 -0.001093250659848 0.178328845192733 -0.936937502029158 -0.001095158038707 0.178328813214551 -0.936937507733103 -0.001095485241327 0.178328813214551 -0.936937507733103 -0.001095485241327 0.178328749258123 -0.936937519140658 -0.001096139646582 0.178328717279877 -0.936937524844269 -0.001096466849217
0.178336575039817 -0.936937072951271 -0.001085692614230 0.178329615498444 -0.936937800368348 -0.001093248115751 0.178328813214551 -0.936937507733103 -0.001095485241327 0.178328813214551 -0.936937507733103 -0.001095485241327 0.178328781236348 -0.936937513436936 -0.001095812443952 0.178328717279877 -0.936937524844269 -0.001096466849217 0.178328717279877 -0.936937524844269 -0.001096466849217
0.178334080300160 -0.936937400512565 -0.001087033793808 0.178330025078787 -0.936937425824059 -0.001092901195400 0.178328813214551 -0.936937507733103 -0.001095485241327 0.178328781236348 -0.936937513436936 -0.001095812443952 0.178328781236348 -0.936937513436936 -0.001095812443952 0.178328717279877 -0.936937524844269 -0.001096466849217 0.178328717279877 -0.936937524844269 -0.001096466849217
0.178334119541368 -0.936937092985520 -0.001089673515712 0.178331281442014 -0.936937184101515 -0.001095123102999 0.178328781236348 -0.936937513436936 -0.001095812443952 0.178328781236348 -0.936937513436936 -0.001095812443952 0.178328749258123 -0.936937519140658 -0.001096139646582 0.178328717279877 -0.936937524844269 -0.001096466849217 0.178328717279877 -0.936937524844269 -0.001096466849217
0.178332912542813 -0.936937173969867 -0.001092269060199 0.178328845192733 -0.936937502029158 -0.001095158038707 0.178328781236348 -0.936937513436936 -0.001095812443952 0.178328749258123 -0.936937519140658 -0.001096139646582 0.178328749258123 -0.936937519140658 -0.001096139646582 0.178328717279877 -0.936937524844269 -0.001096466849217 0.178328717279877 -0.936937524844269 -0.001096466849217
0.178332816610483 -0.936937191084392 -0.001093250659848 0.178328813214551 -0.936937507733103 -0.001095485241327 0.178328749258123 -0.936937519140658 -0.001096139646582 0.178328749258123 -0.936937519140658 -0.001096139646582 0.178328717279877 -0.936937524844269 -0.001096466849217 0.178328717279877 -0.936937524844269 -0.001096466849217 0.178328717279877 -0.936937524844269 -0.001096466849217
