-0.040809273450102 -0.505128118037930 -0.841759280364105 0.177126184642739 -0.968191409896688 -0.045522275216080 0.176764411141847 -0.967905125623814 -0.073612081051585 0.175532196040488 -0.969019036494612 -0.058756536568196 0.178237630363394 -0.969834613808348 -0.067836369071443 0.175416551365725 -0.969669219847004 -0.049830694358544 -0.011416311973998 -0.747987282326335 -0.450691274578891
0.170086551888955 -0.970802630932922 -0.037537947895196 0.182742268550947 -0.966925455594701 -0.053947847656088 0.173797929670965 -0.969577593753864 -0.041085145195686 0.185742481862350 -0.967875641405781 -0.048338638142215 0.175416551365725 -0.969669219847004 -0.049830694358544 -0.011416311973998 -0.747987282326335 -0.450691274578891 0.191669948343549 -0.769933765807057 -0.367858301024023
0.177126184642739 -0.968191409896688 -0.045522275216080 0.176764411141847 -0.967905125623814 -0.073612081051585 0.175532196040488 -0.969019036494612 -0.058756536568196 0.178237630363394 -0.969834613808348 -0.067836369071443 -0.011416311973998 -0.747987282326335 -0.450691274578891 0.191669948343549 -0.769933765807057 -0.367858301024023 0.309359871452353 -0.744829940694787 -0.321014972706961
0.182742268550947 -0.966925455594701 -0.053947847656088 0.173797929670965 -0.969577593753864 -0.041085145195686 0.185742481862350 -0.967875641405781 -0.048338638142215 0.175416551365725 -0.969669219847004 -0.049830694358544 0.191669948343549 -0.769933765807057 -0.367858301024023 0.309359871452353 -0.744829940694787 -0.321014972706961 0.407903475853227 -0.699079698572107 -0.289118755657340
0.176764411141847 -0.967905125623814 -0.073612081051585 0.175532196040488 -0.969019036494612 -0.058756536568196 0.178237630363394 -0.969834613808348 -0.067836369071443 -0.011416311973998 -0.747987282326335 -0.450691274578891 0.309359871452353 -0.744829940694787 -0.321014972706961 0.407903475853227 -0.699079698572107 -0.289118755657340 0.497756970105530 -0.633921568628596 -0.267285809834313
0.173797929670965 -0.969577593753864 -0.041085145195686 0.185742481862350 -0.967875641405781 -0.048338638142215 0.175416551365725 -0.969669219847004 -0.049830694358544 0.191669948343549 -0.769933765807057 -0.367858301024023 0.407903475853227 -0.699079698572107 -0.289118755657340 0.497756970105530 -0.633921568628596 -0.267285809834313 0.583775511115916 -0.543671934742489 -0.242112538860515
0.175532196040488 -0.969019036494612 -0.058756536568196 0.178237630363394 -0.969834613808348 -0.067836369071443 -0.011416311973998 -0.747987282326335 -0.450691274578891 0.309359871452353 -0.744829940694787 -0.321014972706961 0.497756970105530 -0.633921568628596 -0.267285809834313 0.583775511115916 -0.543671934742489 -0.242112538860515 0.639764643336764 -0.479771612111189 -0.204903979588902
0.185742481862350 -0.967875641405781 -0.048338638142215 0.175416551365725 -0.969669219847004 -0.049830694358544 0.191669948343549 -0.769933765807057 -0.367858301024023 0.407903475853227 -0.699079698572107 -0.289118755657340 0.583775511115916 -0.543671934742489 -0.242112538860515 0.639764643336764 -0.479771612111189 -0.204903979588902 0.697283922669006 -0.392021259800106 -0.137981669498359
0.178237630363394 -0.969834613808348 -0.067836369071443 -0.011416311973998 -0.747987282326335 -0.450691274578891 0.309359871452353 -0.744829940694787 -0.321014972706961 0.497756970105530 -0.633921568628596 -0.267285809834313 0.639764643336764 -0.479771612111189 -0.204903979588902 0.697283922669006 -0.392021259800106 -0.137981669498359 0.739410620773838 -0.305591934713128 -0.065343749428950
0.175416551365725 -0.969669219847004 -0.049830694358544 0.191669948343549 -0.769933765807057 -0.367858301024023 0.407903475853227 -0.699079698572107 -0.289118755657340 0.583775511115916 -0.543671934742489 -0.242112538860515 0.697283922669006 -0.392021259800106 -0.137981669498359 0.739410620773838 -0.305591934713128 -0.065343749428950 0.757200925128641 -0.223214320405269 0.012175657619889
-0.011416311973998 -0.747987282326335 -0.450691274578891 0.309359871452353 -0.744829940694787 -0.321014972706961 0.497756970105530 -0.633921568628596 -0.267285809834313 0.639764643336764 -0.479771612111189 -0.204903979588902 0.739410620773838 -0.305591934713128 -0.065343749428950 0.757200925128641 -0.223214320405269 0.012175657619889 0.763052758216315 -0.161476073282012 0.102335109460469
0.191669948343549 -0.769933765807057 -0.367858301024023 0.407903475853227 -0.699079698572107 -0.289118755657340 0.583775511115916 -0.543671934742489 -0.242112538860515 0.697283922669006 -0.392021259800106 -0.137981669498359 0.757200925128641 -0.223214320405269 0.012175657619889 0.763052758216315 -0.161476073282012 0.102335109460469 0.752778003751115 -0.144266571824495 0.181549167326556
0.309359871452353 -0.744829940694787 -0.321014972706961 0.497756970105530 -0.633921568628596 -0.267285809834313 0.639764643336764 -0.479771612111189 -0.204903979588902 0.739410620773838 -0.305591934713128 -0.065343749428950 0.763052758216315 -0.161476073282012 0.102335109460469 0.752778003751115 -0.144266571824495 0.181549167326556 0.740044718657979 -0.156108573448565 0.246169014592485
0.407903475853227 -0.699079698572107 -0.289118755657340 0.583775511115916 -0.543671934742489 -0.242112538860515 0.697283922669006 -0.392021259800106 -0.137981669498359 0.757200925128641 -0.223214320405269 0.012175657619889 0.752778003751115 -0.144266571824495 0.181549167326556 0.740044718657979 -0.156108573448565 0.246169014592485 0.714380359352289 -0.243244631358508 0.278276397350187
0.497756970105530 -0.633921568628596 -0.267285809834313 0.639764643336764 -0.479771612111189 -0.204903979588902 0.739410620773838 -0.305591934713128 -0.065343749428950 0.763052758216315 -0.161476073282012 0.102335109460469 0.740044718657979 -0.156108573448565 0.246169014592485 0.714380359352289 -0.243244631358508 0.278276397350187 0.683051823711321 -0.308504336101235 0.315952906706534
0.583775511115916 -0.543671934742489 -0.242112538860515 0.697283922669006 -0.392021259800106 -0.137981669498359 0.757200925128641 -0.223214320405269 0.012175657619889 0.752778003751115 -0.144266571824495 0.181549167326556 0.714380359352289 -0.243244631358508 0.278276397350187 0.683051823711321 -0.308504336101235 0.315952906706534 0.641645150986210 -0.382353928426665 0.337510973624892
0.639764643336764 -0.479771612111189 -0.204903979588902 0.739410620773838 -0.305591934713128 -0.065343749428950 0.763052758216315 -0.161476073282012 0.102335109460469 0.740044718657979 -0.156108573448565 0.246169014592485 0.683051823711321 -0.308504336101235 0.315952906706534 0.641645150986210 -0.382353928426665 0.337510973624892 0.605706179372873 -0.445603576243045 0.328460245614327
0.697283922669006 -0.392021259800106 -0.137981669498359 0.757200925128641 -0.223214320405269 0.012175657619889 0.752778003751115 -0.144266571824495 0.181549167326556 0.714380359352289 -0.243244631358508 0.278276397350187 0.641645150986210 -0.382353928426665 0.337510973624892 0.605706179372873 -0.445603576243045 0.328460245614327 0.578370841979887 -0.466230698495693 0.331017685276176
0.739410620773838 -0.305591934713128 -0.065343749428950 0.763052758216315 -0.161476073282012 0.102335109460469 0.740044718657979 -0.156108573448565 0.246169014592485 0.683051823711321 -0.308504336101235 0.315952906706534 0.605706179372873 -0.445603576243045 0.328460245614327 0.578370841979887 -0.466230698495693 0.331017685276176 0.571380647099298 -0.408145751222905 0.382651716119475
0.757200925128641 -0.223214320405269 0.012175657619889 0.752778003751115 -0.144266571824495 0.181549167326556 0.714380359352289 -0.243244631358508 0.278276397350187 0.641645150986210 -0.382353928426665 0.337510973624892 0.578370841979887 -0.466230698495693 0.331017685276176 0.571380647099298 -0.408145751222905 0.382651716119475 0.562719013341537 -0.281600182504810 0.466067186618525
0.763052758216315 -0.161476073282012 0.102335109460469 0.740044718657979 -0.156108573448565 0.246169014592485 0.683051823711321 -0.308504336101235 0.315952906706534 0.605706179372873 -0.445603576243045 0.328460245614327 0.571380647099298 -0.408145751222905 0.382651716119475 0.562719013341537 -0.281600182504810 0.466067186618525 0.547886105525181 -0.182593136842190 0.498668704541548
0.752778003751115 -0.144266571824495 0.181549167326556 0.714380359352289 -0.243244631358508 0.278276397350187 0.641645150986210 -0.382353928426665 0.337510973624892 0.578370841979887 -0.466230698495693 0.331017685276176 0.562719013341537 -0.281600182504810 0.466067186618525 0.547886105525181 -0.182593136842190 0.498668704541548 0.548553096879580 -0.083626738077106 0.493052808752894
0.740044718657979 -0.156108573448565 0.246169014592485 0.683051823711321 -0.308504336101235 0.315952906706534 0.605706179372873 -0.445603576243045 0.328460245614327 0.571380647099298 -0.408145751222905 0.382651716119475 0.547886105525181 -0.182593136842190 0.498668704541548 0.548553096879580 -0.083626738077106 0.493052808752894 0.557769891420771 -0.087132150216595 0.444836145749882
0.714380359352289 -0.243244631358508 0.278276397350187 0.641645150986210 -0.382353928426665 0.337510973624892 0.578370841979887 -0.466230698495693 0.331017685276176 0.562719013341537 -0.281600182504810 0.466067186618525 0.548553096879580 -0.083626738077106 0.493052808752894 0.557769891420771 -0.087132150216595 0.444836145749882 0.575185362672637 -0.154020613219999 0.372789451003749
0.683051823711321 -0.308504336101235 0.315952906706534 0.605706179372873 -0.445603576243045 0.328460245614327 0.571380647099298 -0.408145751222905 0.382651716119475 0.547886105525181 -0.182593136842190 0.498668704541548 0.557769891420771 -0.087132150216595 0.444836145749882 0.575185362672637 -0.154020613219999 0.372789451003749 0.573609038540181 -0.319301002722367 0.232878340417845
0.641645150986210 -0.382353928426665 0.337510973624892 0.578370841979887 -0.466230698495693 0.331017685276176 0.562719013341537 -0.281600182504810 0.466067186618525 0.548553096879580 -0.083626738077106 0.493052808752894 0.575185362672637 -0.154020613219999 0.372789451003749 0.573609038540181 -0.319301002722367 0.232878340417845 0.525692219487924 -0.458442396804794 0.026401402760368
0.605706179372873 -0.445603576243045 0.328460245614327 0.571380647099298 -0.408145751222905 0.382651716119475 0.547886105525181 -0.182593136842190 0.498668704541548 0.557769891420771 -0.087132150216595 0.444836145749882 0.573609038540181 -0.319301002722367 0.232878340417845 0.525692219487924 -0.458442396804794 0.026401402760368 0.473687299807026 -0.499821165293638 -0.147723116906907
0.578370841979887 -0.466230698495693 0.331017685276176 0.562719013341537 -0.281600182504810 0.466067186618525 0.548553096879580 -0.083626738077106 0.493052808752894 0.575185362672637 -0.154020613219999 0.372789451003749 0.525692219487924 -0.458442396804794 0.026401402760368 0.473687299807026 -0.499821165293638 -0.147723116906907 0.435604995884485 -0.482769680859390 -0.272290751878489
0.571380647099298 -0.408145751222905 0.382651716119475 0.547886105525181 -0.182593136842190 0.498668704541548 0.557769891420771 -0.087132150216595 0.444836145749882 0.573609038540181 -0.319301002722367 0.232878340417845 0.473687299807026 -0.499821165293638 -0.147723116906907 0.435604995884485 -0.482769680859390 -0.272290751878489 0.377013840806811 -0.454594818798331 -0.390438755474546
0.562719013341537 -0.281600182504810 0.466067186618525 0.548553096879580 -0.083626738077106 0.493052808752894 0.575185362672637 -0.154020613219999 0.372789451003749 0.525692219487924 -0.458442396804794 0.026401402760368 0.435604995884485 -0.482769680859390 -0.272290751878489 0.377013840806811 -0.454594818798331 -0.390438755474546 0.305864174921776 -0.430788622847577 -0.476765429181421
0.547886105525181 -0.182593136842190 0.498668704541548 0.557769891420771 -0.087132150216595 0.444836145749882 0.573609038540181 -0.319301002722367 0.232878340417845 0.473687299807026 -0.499821165293638 -0.147723116906907 0.377013840806811 -0.454594818798331 -0.390438755474546 0.305864174921776 -0.430788622847577 -0.476765429181421 0.227484559304201 -0.418470620853471 -0.541665719384553
0.548553096879580 -0.083626738077106 0.493052808752894 0.575185362672637 -0.154020613219999 0.372789451003749 0.525692219487924 -0.458442396804794 0.026401402760368 0.435604995884485 -0.482769680859390 -0.272290751878489 0.305864174921776 -0.430788622847577 -0.476765429181421 0.227484559304201 -0.418470620853471 -0.541665719384553 0.068371443018959 -0.401109982352814 -0.606761807066721
0.557769891420771 -0.087132150216595 0.444836145749882 0.573609038540181 -0.319301002722367 0.232878340417845 0.473687299807026 -0.499821165293638 -0.147723116906907 0.377013840806811 -0.454594818798331 -0.390438755474546 0.227484559304201 -0.418470620853471 -0.541665719384553 0.068371443018959 -0.401109982352814 -0.606761807066721 -0.183756483178199 -0.317125789620626 -0.638617419246166
0.575185362672637 -0.154020613219999 0.372789451003749 0.525692219487924 -0.458442396804794 0.026401402760368 0.435604995884485 -0.482769680859390 -0.272290751878489 0.305864174921776 -0.430788622847577 -0.476765429181421 0.068371443018959 -0.401109982352814 -0.606761807066721 -0.183756483178199 -0.317125789620626 -0.638617419246166 -0.283052110579648 -0.278678774707832 -0.629985010251081
0.573609038540181 -0.319301002722367 0.232878340417845 0.473687299807026 -0.499821165293638 -0.147723116906907 0.377013840806811 -0.454594818798331 -0.390438755474546 0.227484559304201 -0.418470620853471 -0.541665719384553 -0.183756483178199 -0.317125789620626 -0.638617419246166 -0.283052110579648 -0.278678774707832 -0.629985010251081 -0.276230945759508 -0.294071868182836 -0.637556304545090
0.525692219487924 -0.458442396804794 0.026401402760368 0.435604995884485 -0.482769680859390 -0.272290751878489 0.305864174921776 -0.430788622847577 -0.476765429181421 0.068371443018959 -0.401109982352814 -0.606761807066721 -0.283052110579648 -0.278678774707832 -0.629985010251081 -0.276230945759508 -0.294071868182836 -0.637556304545090 -0.230866937465631 -0.333144219985324 -0.657242309119590
0.473687299807026 -0.499821165293638 -0.147723116906907 0.377013840806811 -0.454594818798331 -0.390438755474546 0.227484559304201 -0.418470620853471 -0.541665719384553 -0.183756483178199 -0.317125789620626 -0.638617419246166 -0.276230945759508 -0.294071868182836 -0.637556304545090 -0.230866937465631 -0.333144219985324 -0.657242309119590 -0.086615695223470 -0.419195776915650 -0.667366415491999
0.435604995884485 -0.482769680859390 -0.272290751878489 0.305864174921776 -0.430788622847577 -0.476765429181421 0.068371443018959 -0.401109982352814 -0.606761807066721 -0.283052110579648 -0.278678774707832 -0.629985010251081 -0.230866937465631 -0.333144219985324 -0.657242309119590 -0.086615695223470 -0.419195776915650 -0.667366415491999 0.194128645139541 -0.522797191649187 -0.589478508830229
0.377013840806811 -0.454594818798331 -0.390438755474546 0.227484559304201 -0.418470620853471 -0.541665719384553 -0.183756483178199 -0.317125789620626 -0.638617419246166 -0.276230945759508 -0.294071868182836 -0.637556304545090 -0.086615695223470 -0.419195776915650 -0.667366415491999 0.194128645139541 -0.522797191649187 -0.589478508830229 0.426406004141998 -0.472546197492170 -0.498583909193141
0.305864174921776 -0.430788622847577 -0.476765429181421 0.068371443018959 -0.401109982352814 -0.606761807066721 -0.283052110579648 -0.278678774707832 -0.629985010251081 -0.230866937465631 -0.333144219985324 -0.657242309119590 0.194128645139541 -0.522797191649187 -0.589478508830229 0.426406004141998 -0.472546197492170 -0.498583909193141 0.585918221312752 -0.342785914457606 -0.418310866958206
0.227484559304201 -0.418470620853471 -0.541665719384553 -0.183756483178199 -0.317125789620626 -0.638617419246166 -0.276230945759508 -0.294071868182836 -0.637556304545090 -0.086615695223470 -0.419195776915650 -0.667366415491999 0.426406004141998 -0.472546197492170 -0.498583909193141 0.585918221312752 -0.342785914457606 -0.418310866958206 0.676265350949664 -0.224263409372349 -0.333674503982085
0.068371443018959 -0.401109982352814 -0.606761807066721 -0.283052110579648 -0.278678774707832 -0.629985010251081 -0.230866937465631 -0.333144219985324 -0.657242309119590 0.194128645139541 -0.522797191649187 -0.589478508830229 0.585918221312752 -0.342785914457606 -0.418310866958206 0.676265350949664 -0.224263409372349 -0.333674503982085 0.709717325671285 -0.122675912255582 -0.273112453894632
-0.183756483178199 -0.317125789620626 -0.638617419246166 -0.276230945759508 -0.294071868182836 -0.637556304545090 -0.086615695223470 -0.419195776915650 -0.667366415491999 0.426406004141998 -0.472546197492170 -0.498583909193141 0.676265350949664 -0.224263409372349 -0.333674503982085 0.709717325671285 -0.122675912255582 -0.273112453894632 0.723999417180512 -0.050446832938855 -0.221664212613306
-0.283052110579648 -0.278678774707832 -0.629985010251081 -0.230866937465631 -0.333144219985324 -0.657242309119590 0.194128645139541 -0.522797191649187 -0.589478508830229 0.585918221312752 -0.342785914457606 -0.418310866958206 0.709717325671285 -0.122675912255582 -0.273112453894632 0.723999417180512 -0.050446832938855 -0.221664212613306 0.728570790274045 -0.022807171839927 -0.158569810179026
-0.276230945759508 -0.294071868182836 -0.637556304545090 -0.086615695223470 -0.419195776915650 -0.667366415491999 0.426406004141998 -0.472546197492170 -0.498583909193141 0.676265350949664 -0.224263409372349 -0.333674503982085 0.723999417180512 -0.050446832938855 -0.221664212613306 0.728570790274045 -0.022807171839927 -0.158569810179026 0.726702493980420 -0.021980509262417 -0.098906726714758
-0.230866937465631 -0.333144219985324 -0.657242309119590 0.194128645139541 -0.522797191649187 -0.589478508830229 0.585918221312752 -0.342785914457606 -0.418310866958206 0.709717325671285 -0.122675912255582 -0.273112453894632 0.728570790274045 -0.022807171839927 -0.158569810179026 0.726702493980420 -0.021980509262417 -0.098906726714758 0.715630065548070 -0.101802495115135 -0.068095303648989
-0.086615695223470 -0.419195776915650 -0.667366415491999 0.426406004141998 -0.472546197492170 -0.498583909193141 0.676265350949664 -0.224263409372349 -0.333674503982085 0.723999417180512 -0.050446832938855 -0.221664212613306 0.726702493980420 -0.021980509262417 -0.098906726714758 0.715630065548070 -0.101802495115135 -0.068095303648989 0.683906956628471 -0.243054958476729 -0.076826831977454
0.194128645139541 -0.522797191649187 -0.589478508830229 0.585918221312752 -0.342785914457606 -0.418310866958206 0.709717325671285 -0.122675912255582 -0.273112453894632 0.728570790274045 -0.022807171839927 -0.158569810179026 0.715630065548070 -0.101802495115135 -0.068095303648989 0.683906956628471 -0.243054958476729 -0.076826831977454 0.621528998096552 -0.391668021154260 -0.109329995124909
0.426406004141998 -0.472546197492170 -0.498583909193141 0.676265350949664 -0.224263409372349 -0.333674503982085 0.723999417180512 -0.050446832938855 -0.221664212613306 0.726702493980420 -0.021980509262417 -0.098906726714758 0.683906956628471 -0.243054958476729 -0.076826831977454 0.621528998096552 -0.391668021154260 -0.109329995124909 0.523862768676057 -0.507554837982526 -0.182426572182482
0.585918221312752 -0.342785914457606 -0.418310866958206 0.709717325671285 -0.122675912255582 -0.273112453894632 0.728570790274045 -0.022807171839927 -0.158569810179026 0.715630065548070 -0.101802495115135 -0.068095303648989 0.621528998096552 -0.391668021154260 -0.109329995124909 0.523862768676057 -0.507554837982526 -0.182426572182482 0.473551918236374 -0.561127381143181 -0.208341220583834
0.676265350949664 -0.224263409372349 -0.333674503982085 0.723999417180512 -0.050446832938855 -0.221664212613306 0.726702493980420 -0.021980509262417 -0.098906726714758 0.683906956628471 -0.243054958476729 -0.076826831977454 0.523862768676057 -0.507554837982526 -0.182426572182482 0.473551918236374 -0.561127381143181 -0.208341220583834 0.480167854509381 -0.584284558161103 -0.176614495881247
0.709717325671285 -0.122675912255582 -0.273112453894632 0.728570790274045 -0.022807171839927 -0.158569810179026 0.715630065548070 -0.101802495115135 -0.068095303648989 0.621528998096552 -0.391668021154260 -0.109329995124909 0.473551918236374 -0.561127381143181 -0.208341220583834 0.480167854509381 -0.584284558161103 -0.176614495881247 0.524428951353483 -0.577434364888438 -0.086100628479206
0.723999417180512 -0.050446832938855 -0.221664212613306 0.726702493980420 -0.021980509262417 -0.098906726714758 0.683906956628471 -0.243054958476729 -0.076826831977454 0.523862768676057 -0.507554837982526 -0.182426572182482 0.480167854509381 -0.584284558161103 -0.176614495881247 0.524428951353483 -0.577434364888438 -0.086100628479206 0.560535404494392 -0.548937835462480 0.018093986097733
0.728570790274045 -0.022807171839927 -0.158569810179026 0.715630065548070 -0.101802495115135 -0.068095303648989 0.621528998096552 -0.391668021154260 -0.109329995124909 0.473551918236374 -0.561127381143181 -0.208341220583834 0.524428951353483 -0.577434364888438 -0.086100628479206 0.560535404494392 -0.548937835462480 0.018093986097733 0.563716022281661 -0.537546932618251 0.049704170718706
0.726702493980420 -0.021980509262417 -0.098906726714758 0.683906956628471 -0.243054958476729 -0.076826831977454 0.523862768676057 -0.507554837982526 -0.182426572182482 0.480167854509381 -0.584284558161103 -0.176614495881247 0.560535404494392 -0.548937835462480 0.018093986097733 0.563716022281661 -0.537546932618251 0.049704170718706 0.544677889952228 -0.546504749260953 0.026055858976290
0.715630065548070 -0.101802495115135 -0.068095303648989 0.621528998096552 -0.391668021154260 -0.109329995124909 0.473551918236374 -0.561127381143181 -0.208341220583834 0.524428951353483 -0.577434364888438 -0.086100628479206 0.563716022281661 -0.537546932618251 0.049704170718706 0.544677889952228 -0.546504749260953 0.026055858976290 0.483445672799770 -0.582043929268369 -0.106684402907461
0.683906956628471 -0.243054958476729 -0.076826831977454 0.523862768676057 -0.507554837982526 -0.182426572182482 0.480167854509381 -0.584284558161103 -0.176614495881247 0.560535404494392 -0.548937835462480 0.018093986097733 0.544677889952228 -0.546504749260953 0.026055858976290 0.483445672799770 -0.582043929268369 -0.106684402907461 0.393766527031917 -0.590094363787840 -0.257924558630048
0.621528998096552 -0.391668021154260 -0.109329995124909 0.473551918236374 -0.561127381143181 -0.208341220583834 0.524428951353483 -0.577434364888438 -0.086100628479206 0.563716022281661 -0.537546932618251 0.049704170718706 0.483445672799770 -0.582043929268369 -0.106684402907461 0.393766527031917 -0.590094363787840 -0.257924558630048 0.224608643502891 -0.542664154409886 -0.450685615134458
0.523862768676057 -0.507554837982526 -0.182426572182482 0.480167854509381 -0.584284558161103 -0.176614495881247 0.560535404494392 -0.548937835462480 0.018093986097733 0.544677889952228 -0.546504749260953 0.026055858976290 0.393766527031917 -0.590094363787840 -0.257924558630048 0.224608643502891 -0.542664154409886 -0.450685615134458 0.078936106107790 -0.484424491360451 -0.547668356214815
0.473551918236374 -0.561127381143181 -0.208341220583834 0.524428951353483 -0.577434364888438 -0.086100628479206 0.563716022281661 -0.537546932618251 0.049704170718706 0.483445672799770 -0.582043929268369 -0.106684402907461 0.224608643502891 -0.542664154409886 -0.450685615134458 0.078936106107790 -0.484424491360451 -0.547668356214815 0.019935598986463 -0.476445451528707 -0.558449520899214
0.480167854509381 -0.584284558161103 -0.176614495881247 0.560535404494392 -0.548937835462480 0.018093986097733 0.544677889952228 -0.546504749260953 0.026055858976290 0.393766527031917 -0.590094363787840 -0.257924558630048 0.078936106107790 -0.484424491360451 -0.547668356214815 0.019935598986463 -0.476445451528707 -0.558449520899214 -0.021781694034800 -0.481438868655124 -0.560252784312222
0.524428951353483 -0.577434364888438 -0.086100628479206 0.563716022281661 -0.537546932618251 0.049704170718706 0.483445672799770 -0.582043929268369 -0.106684402907461 0.224608643502891 -0.542664154409886 -0.450685615134458 0.019935598986463 -0.476445451528707 -0.558449520899214 -0.021781694034800 -0.481438868655124 -0.560252784312222 -0.084646085950797 -0.482423225935257 -0.564733696411735
0.560535404494392 -0.548937835462480 0.018093986097733 0.544677889952228 -0.546504749260953 0.026055858976290 0.393766527031917 -0.590094363787840 -0.257924558630048 0.078936106107790 -0.484424491360451 -0.547668356214815 -0.021781694034800 -0.481438868655124 -0.560252784312222 -0.084646085950797 -0.482423225935257 -0.564733696411735 -0.124787207179643 -0.494563324574473 -0.570411011379920
0.563716022281661 -0.537546932618251 0.049704170718706 0.483445672799770 -0.582043929268369 -0.106684402907461 0.224608643502891 -0.542664154409886 -0.450685615134458 0.019935598986463 -0.476445451528707 -0.558449520899214 -0.084646085950797 -0.482423225935257 -0.564733696411735 -0.124787207179643 -0.494563324574473 -0.570411011379920 -0.115304974848925 -0.550349665828754 -0.560159479597254
0.544677889952228 -0.546504749260953 0.026055858976290 0.393766527031917 -0.590094363787840 -0.257924558630048 0.078936106107790 -0.484424491360451 -0.547668356214815 -0.021781694034800 -0.481438868655124 -0.560252784312222 -0.124787207179643 -0.494563324574473 -0.570411011379920 -0.115304974848925 -0.550349665828754 -0.560159479597254 -0.275337815253558 -0.505747142628070 -0.575261195114682
0.483445672799770 -0.582043929268369 -0.106684402907461 0.224608643502891 -0.542664154409886 -0.450685615134458 0.019935598986463 -0.476445451528707 -0.558449520899214 -0.084646085950797 -0.482423225935257 -0.564733696411735 -0.115304974848925 -0.550349665828754 -0.560159479597254 -0.275337815253558 -0.505747142628070 -0.575261195114682 -0.314576104795953 -0.521051847877988 -0.574610810753730
0.393766527031917 -0.590094363787840 -0.257924558630048 0.078936106107790 -0.484424491360451 -0.547668356214815 -0.021781694034800 -0.481438868655124 -0.560252784312222 -0.124787207179643 -0.494563324574473 -0.570411011379920 -0.275337815253558 -0.505747142628070 -0.575261195114682 -0.314576104795953 -0.521051847877988 -0.574610810753730 -0.228374684503752 -0.570197062437431 -0.601346650449798
0.224608643502891 -0.542664154409886 -0.450685615134458 0.019935598986463 -0.476445451528707 -0.558449520899214 -0.084646085950797 -0.482423225935257 -0.564733696411735 -0.115304974848925 -0.550349665828754 -0.560159479597254 -0.314576104795953 -0.521051847877988 -0.574610810753730 -0.228374684503752 -0.570197062437431 -0.601346650449798 -0.103302190496312 -0.625142909713225 -0.603471527068598
0.078936106107790 -0.484424491360451 -0.547668356214815 -0.021781694034800 -0.481438868655124 -0.560252784312222 -0.124787207179643 -0.494563324574473 -0.570411011379920 -0.275337815253558 -0.505747142628070 -0.575261195114682 -0.228374684503752 -0.570197062437431 -0.601346650449798 -0.103302190496312 -0.625142909713225 -0.603471527068598 0.089089114434625 -0.676663619954666 -0.566437137999535
0.019935598986463 -0.476445451528707 -0.558449520899214 -0.084646085950797 -0.482423225935257 -0.564733696411735 -0.115304974848925 -0.550349665828754 -0.560159479597254 -0.314576104795953 -0.521051847877988 -0.574610810753730 -0.103302190496312 -0.625142909713225 -0.603471527068598 0.089089114434625 -0.676663619954666 -0.566437137999535 0.307384568125444 -0.672645690541120 -0.494867878332817
-0.021781694034800 -0.481438868655124 -0.560252784312222 -0.124787207179643 -0.494563324574473 -0.570411011379920 -0.275337815253558 -0.505747142628070 -0.575261195114682 -0.228374684503752 -0.570197062437431 -0.601346650449798 0.089089114434625 -0.676663619954666 -0.566437137999535 0.307384568125444 -0.672645690541120 -0.494867878332817 0.467000537678599 -0.619686310917419 -0.424641266282355
-0.084646085950797 -0.482423225935257 -0.564733696411735 -0.115304974848925 -0.550349665828754 -0.560159479597254 -0.314576104795953 -0.521051847877988 -0.574610810753730 -0.103302190496312 -0.625142909713225 -0.603471527068598 0.307384568125444 -0.672645690541120 -0.494867878332817 0.467000537678599 -0.619686310917419 -0.424641266282355 0.557329337067616 -0.579614958993327 -0.358907528224540
-0.124787207179643 -0.494563324574473 -0.570411011379920 -0.275337815253558 -0.505747142628070 -0.575261195114682 -0.228374684503752 -0.570197062437431 -0.601346650449798 0.089089114434625 -0.676663619954666 -0.566437137999535 0.467000537678599 -0.619686310917419 -0.424641266282355 0.557329337067616 -0.579614958993327 -0.358907528224540 0.593016540660503 -0.569870053314638 -0.309595636835326
-0.115304974848925 -0.550349665828754 -0.560159479597254 -0.314576104795953 -0.521051847877988 -0.574610810753730 -0.103302190496312 -0.625142909713225 -0.603471527068598 0.307384568125444 -0.672645690541120 -0.494867878332817 0.557329337067616 -0.579614958993327 -0.358907528224540 0.593016540660503 -0.569870053314638 -0.309595636835326 0.602546378586437 -0.577137675155419 -0.259975721386967
-0.275337815253558 -0.505747142628070 -0.575261195114682 -0.228374684503752 -0.570197062437431 -0.601346650449798 0.089089114434625 -0.676663619954666 -0.566437137999535 0.467000537678599 -0.619686310917419 -0.424641266282355 0.593016540660503 -0.569870053314638 -0.309595636835326 0.602546378586437 -0.577137675155419 -0.259975721386967 0.612698429321420 -0.585900434612420 -0.202362840501606
-0.314576104795953 -0.521051847877988 -0.574610810753730 -0.103302190496312 -0.625142909713225 -0.603471527068598 0.307384568125444 -0.672645690541120 -0.494867878332817 0.557329337067616 -0.579614958993327 -0.358907528224540 0.602546378586437 -0.577137675155419 -0.259975721386967 0.612698429321420 -0.585900434612420 -0.202362840501606 0.612954854050481 -0.602314076979981 -0.141243669929796
-0.228374684503752 -0.570197062437431 -0.601346650449798 0.089089114434625 -0.676663619954666 -0.566437137999535 0.467000537678599 -0.619686310917419 -0.424641266282355 0.593016540660503 -0.569870053314638 -0.309595636835326 0.612698429321420 -0.585900434612420 -0.202362840501606 0.612954854050481 -0.602314076979981 -0.141243669929796 0.559373058437331 -0.641874082003044 -0.153381574242263
-0.103302190496312 -0.625142909713225 -0.603471527068598 0.307384568125444 -0.672645690541120 -0.494867878332817 0.557329337067616 -0.579614958993327 -0.358907528224540 0.602546378586437 -0.577137675155419 -0.259975721386967 0.612954854050481 -0.602314076979981 -0.141243669929796 0.559373058437331 -0.641874082003044 -0.153381574242263 0.508221579842801 -0.665547444576881 -0.188680254522446
0.089089114434625 -0.676663619954666 -0.566437137999535 0.467000537678599 -0.619686310917419 -0.424641266282355 0.593016540660503 -0.569870053314638 -0.309595636835326 0.612698429321420 -0.585900434612420 -0.202362840501606 0.559373058437331 -0.641874082003044 -0.153381574242263 0.508221579842801 -0.665547444576881 -0.188680254522446 0.435308347495789 -0.685589712796259 -0.249489655017407
0.307384568125444 -0.672645690541120 -0.494867878332817 0.557329337067616 -0.579614958993327 -0.358907528224540 0.602546378586437 -0.577137675155419 -0.259975721386967 0.612954854050481 -0.602314076979981 -0.141243669929796 0.508221579842801 -0.665547444576881 -0.188680254522446 0.435308347495789 -0.685589712796259 -0.249489655017407 0.339680807474672 -0.702978592264594 -0.326785073787795
0.467000537678599 -0.619686310917419 -0.424641266282355 0.593016540660503 -0.569870053314638 -0.309595636835326 0.612698429321420 -0.585900434612420 -0.202362840501606 0.559373058437331 -0.641874082003044 -0.153381574242263 0.435308347495789 -0.685589712796259 -0.249489655017407 0.339680807474672 -0.702978592264594 -0.326785073787795 0.194084805699540 -0.692427120118744 -0.437068990761848
0.557329337067616 -0.579614958993327 -0.358907528224540 0.602546378586437 -0.577137675155419 -0.259975721386967 0.612954854050481 -0.602314076979981 -0.141243669929796 0.508221579842801 -0.665547444576881 -0.188680254522446 0.339680807474672 -0.702978592264594 -0.326785073787795 0.194084805699540 -0.692427120118744 -0.437068990761848 0.139899009660743 -0.662769820260719 -0.494146492683392
0.593016540660503 -0.569870053314638 -0.309595636835326 0.612698429321420 -0.585900434612420 -0.202362840501606 0.559373058437331 -0.641874082003044 -0.153381574242263 0.435308347495789 -0.685589712796259 -0.249489655017407 0.194084805699540 -0.692427120118744 -0.437068990761848 0.139899009660743 -0.662769820260719 -0.494146492683392 0.212451211582581 -0.666827524476469 -0.465674799742889
0.602546378586437 -0.577137675155419 -0.259975721386967 0.612954854050481 -0.602314076979981 -0.141243669929796 0.508221579842801 -0.665547444576881 -0.188680254522446 0.339680807474672 -0.702978592264594 -0.326785073787795 0.139899009660743 -0.662769820260719 -0.494146492683392 0.212451211582581 -0.666827524476469 -0.465674799742889 0.308670832249435 -0.677146596032439 -0.397347406157766
0.612698429321420 -0.585900434612420 -0.202362840501606 0.559373058437331 -0.641874082003044 -0.153381574242263 0.435308347495789 -0.685589712796259 -0.249489655017407 0.194084805699540 -0.692427120118744 -0.437068990761848 0.212451211582581 -0.666827524476469 -0.465674799742889 0.308670832249435 -0.677146596032439 -0.397347406157766 0.366499722195756 -0.682974405236316 -0.338361672523971
0.612954854050481 -0.602314076979981 -0.141243669929796 0.508221579842801 -0.665547444576881 -0.188680254522446 0.339680807474672 -0.702978592264594 -0.326785073787795 0.139899009660743 -0.662769820260719 -0.494146492683392 0.308670832249435 -0.677146596032439 -0.397347406157766 0.366499722195756 -0.682974405236316 -0.338361672523971 0.404126713854805 -0.677469299603275 -0.299697722410990
0.559373058437331 -0.641874082003044 -0.153381574242263 0.435308347495789 -0.685589712796259 -0.249489655017407 0.194084805699540 -0.692427120118744 -0.437068990761848 0.212451211582581 -0.666827524476469 -0.465674799742889 0.366499722195756 -0.682974405236316 -0.338361672523971 0.404126713854805 -0.677469299603275 -0.299697722410990 0.432047724006105 -0.672531249234273 -0.267846397990439
0.508221579842801 -0.665547444576881 -0.188680254522446 0.339680807474672 -0.702978592264594 -0.326785073787795 0.139899009660743 -0.662769820260719 -0.494146492683392 0.308670832249435 -0.677146596032439 -0.397347406157766 0.404126713854805 -0.677469299603275 -0.299697722410990 0.432047724006105 -0.672531249234273 -0.267846397990439 0.318557728790942 -0.665401514184592 -0.389415470509185
0.435308347495789 -0.685589712796259 -0.249489655017407 0.194084805699540 -0.692427120118744 -0.437068990761848 0.212451211582581 -0.666827524476469 -0.465674799742889 0.366499722195756 -0.682974405236316 -0.338361672523971 0.432047724006105 -0.672531249234273 -0.267846397990439 0.318557728790942 -0.665401514184592 -0.389415470509185 0.165557455252658 -0.612990774988684 -0.533200576295401
0.339680807474672 -0.702978592264594 -0.326785073787795 0.139899009660743 -0.662769820260719 -0.494146492683392 0.308670832249435 -0.677146596032439 -0.397347406157766 0.404126713854805 -0.677469299603275 -0.299697722410990 0.318557728790942 -0.665401514184592 -0.389415470509185 0.165557455252658 -0.612990774988684 -0.533200576295401 0.061460872879264 -0.571914397548717 -0.595182445617237
0.194084805699540 -0.692427120118744 -0.437068990761848 0.212451211582581 -0.666827524476469 -0.465674799742889 0.366499722195756 -0.682974405236316 -0.338361672523971 0.432047724006105 -0.672531249234273 -0.267846397990439 0.165557455252658 -0.612990774988684 -0.533200576295401 0.061460872879264 -0.571914397548717 -0.595182445617237 -0.047475850970655 -0.526178362363693 -0.638766128976525
0.139899009660743 -0.662769820260719 -0.494146492683392 0.308670832249435 -0.677146596032439 -0.397347406157766 0.404126713854805 -0.677469299603275 -0.299697722410990 0.318557728790942 -0.665401514184592 -0.389415470509185 0.061460872879264 -0.571914397548717 -0.595182445617237 -0.047475850970655 -0.526178362363693 -0.638766128976525 -0.193809433424068 -0.459496245649657 -0.664321136795488
0.212451211582581 -0.666827524476469 -0.465674799742889 0.366499722195756 -0.682974405236316 -0.338361672523971 0.432047724006105 -0.672531249234273 -0.267846397990439 0.165557455252658 -0.612990774988684 -0.533200576295401 -0.047475850970655 -0.526178362363693 -0.638766128976525 -0.193809433424068 -0.459496245649657 -0.664321136795488 -0.260366836212540 -0.419732568525274 -0.668944702085837
0.308670832249435 -0.677146596032439 -0.397347406157766 0.404126713854805 -0.677469299603275 -0.299697722410990 0.318557728790942 -0.665401514184592 -0.389415470509185 0.061460872879264 -0.571914397548717 -0.595182445617237 -0.193809433424068 -0.459496245649657 -0.664321136795488 -0.260366836212540 -0.419732568525274 -0.668944702085837 -0.275274947411034 -0.438617681087787 -0.657872542346057
0.366499722195756 -0.682974405236316 -0.338361672523971 0.432047724006105 -0.672531249234273 -0.267846397990439 0.165557455252658 -0.612990774988684 -0.533200576295401 -0.047475850970655 -0.526178362363693 -0.638766128976525 -0.260366836212540 -0.419732568525274 -0.668944702085837 -0.275274947411034 -0.438617681087787 -0.657872542346057 -0.348502420885385 -0.444210781995835 -0.622071277762694
0.404126713854805 -0.677469299603275 -0.299697722410990 0.318557728790942 -0.665401514184592 -0.389415470509185 0.061460872879264 -0.571914397548717 -0.595182445617237 -0.193809433424068 -0.459496245649657 -0.664321136795488 -0.275274947411034 -0.438617681087787 -0.657872542346057 -0.348502420885385 -0.444210781995835 -0.622071277762694 -0.351293287787397 -0.477683229684972 -0.609535978948143
0.432047724006105 -0.672531249234273 -0.267846397990439 0.165557455252658 -0.612990774988684 -0.533200576295401 -0.047475850970655 -0.526178362363693 -0.638766128976525 -0.260366836212540 -0.419732568525274 -0.668944702085837 -0.348502420885385 -0.444210781995835 -0.622071277762694 -0.351293287787397 -0.477683229684972 -0.609535978948143 -0.320442124984765 -0.523041062656832 -0.600667311120002
0.318557728790942 -0.665401514184592 -0.389415470509185 0.061460872879264 -0.571914397548717 -0.595182445617237 -0.193809433424068 -0.459496245649657 -0.664321136795488 -0.275274947411034 -0.438617681087787 -0.657872542346057 -0.351293287787397 -0.477683229684972 -0.609535978948143 -0.320442124984765 -0.523041062656832 -0.600667311120002 -0.255531785249956 -0.585846532822913 -0.583300815256390
0.165557455252658 -0.612990774988684 -0.533200576295401 -0.047475850970655 -0.526178362363693 -0.638766128976525 -0.260366836212540 -0.419732568525274 -0.668944702085837 -0.348502420885385 -0.444210781995835 -0.622071277762694 -0.320442124984765 -0.523041062656832 -0.600667311120002 -0.255531785249956 -0.585846532822913 -0.583300815256390 -0.126342962645519 -0.649636494197897 -0.567386317279958
0.061460872879264 -0.571914397548717 -0.595182445617237 -0.193809433424068 -0.459496245649657 -0.664321136795488 -0.275274947411034 -0.438617681087787 -0.657872542346057 -0.351293287787397 -0.477683229684972 -0.609535978948143 -0.255531785249956 -0.585846532822913 -0.583300815256390 -0.126342962645519 -0.649636494197897 -0.567386317279958 0.023161566839112 -0.679258852262860 -0.547826220315062
-0.047475850970655 -0.526178362363693 -0.638766128976525 -0.260366836212540 -0.419732568525274 -0.668944702085837 -0.348502420885385 -0.444210781995835 -0.622071277762694 -0.320442124984765 -0.523041062656832 -0.600667311120002 -0.126342962645519 -0.649636494197897 -0.567386317279958 0.023161566839112 -0.679258852262860 -0.547826220315062 0.195097089928787 -0.676815107595531 -0.504180842100705
-0.193809433424068 -0.459496245649657 -0.664321136795488 -0.275274947411034 -0.438617681087787 -0.657872542346057 -0.351293287787397 -0.477683229684972 -0.609535978948143 -0.255531785249956 -0.585846532822913 -0.583300815256390 0.023161566839112 -0.679258852262860 -0.547826220315062 0.195097089928787 -0.676815107595531 -0.504180842100705 0.307658310215876 -0.631565727740920 -0.487997380725126
-0.260366836212540 -0.419732568525274 -0.668944702085837 -0.348502420885385 -0.444210781995835 -0.622071277762694 -0.320442124984765 -0.523041062656832 -0.600667311120002 -0.126342962645519 -0.649636494197897 -0.567386317279958 0.195097089928787 -0.676815107595531 -0.504180842100705 0.307658310215876 -0.631565727740920 -0.487997380725126 0.419526715661286 -0.559252536462334 -0.467280355858176
-0.275274947411034 -0.438617681087787 -0.657872542346057 -0.351293287787397 -0.477683229684972 -0.609535978948143 -0.255531785249956 -0.585846532822913 -0.583300815256390 0.023161566839112 -0.679258852262860 -0.547826220315062 0.307658310215876 -0.631565727740920 -0.487997380725126 0.419526715661286 -0.559252536462334 -0.467280355858176 0.505387941050490 -0.499523258845282 -0.425201585015409
-0.348502420885385 -0.444210781995835 -0.622071277762694 -0.320442124984765 -0.523041062656832 -0.600667311120002 -0.126342962645519 -0.649636494197897 -0.567386317279958 0.195097089928787 -0.676815107595531 -0.504180842100705 0.419526715661286 -0.559252536462334 -0.467280355858176 0.505387941050490 -0.499523258845282 -0.425201585015409 0.575183272050934 -0.456623493737025 -0.359334965081971
-0.351293287787397 -0.477683229684972 -0.609535978948143 -0.255531785249956 -0.585846532822913 -0.583300815256390 0.023161566839112 -0.679258852262860 -0.547826220315062 0.307658310215876 -0.631565727740920 -0.487997380725126 0.505387941050490 -0.499523258845282 -0.425201585015409 0.575183272050934 -0.456623493737025 -0.359334965081971 0.625694150747358 -0.423120444600654 -0.280418803417009
-0.320442124984765 -0.523041062656832 -0.600667311120002 -0.126342962645519 -0.649636494197897 -0.567386317279958 0.195097089928787 -0.676815107595531 -0.504180842100705 0.419526715661286 -0.559252536462334 -0.467280355858176 0.575183272050934 -0.456623493737025 -0.359334965081971 0.625694150747358 -0.423120444600654 -0.280418803417009 0.684160908287951 -0.370828411122688 -0.171723574533682
-0.255531785249956 -0.585846532822913 -0.583300815256390 0.023161566839112 -0.679258852262860 -0.547826220315062 0.307658310215876 -0.631565727740920 -0.487997380725126 0.505387941050490 -0.499523258845282 -0.425201585015409 0.625694150747358 -0.423120444600654 -0.280418803417009 0.684160908287951 -0.370828411122688 -0.171723574533682 0.713303667749051 -0.339573438297650 -0.070214753828832
-0.126342962645519 -0.649636494197897 -0.567386317279958 0.195097089928787 -0.676815107595531 -0.504180842100705 0.419526715661286 -0.559252536462334 -0.467280355858176 0.575183272050934 -0.456623493737025 -0.359334965081971 0.684160908287951 -0.370828411122688 -0.171723574533682 0.713303667749051 -0.339573438297650 -0.070214753828832 0.714898450522847 -0.336219169155426 0.006306946952977
0.023161566839112 -0.679258852262860 -0.547826220315062 0.307658310215876 -0.631565727740920 -0.487997380725126 0.505387941050490 -0.499523258845282 -0.425201585015409 0.625694150747358 -0.423120444600654 -0.280418803417009 0.713303667749051 -0.339573438297650 -0.070214753828832 0.714898450522847 -0.336219169155426 0.006306946952977 0.708695951102176 -0.358261068836542 0.060409723105508
0.195097089928787 -0.676815107595531 -0.504180842100705 0.419526715661286 -0.559252536462334 -0.467280355858176 0.575183272050934 -0.456623493737025 -0.359334965081971 0.684160908287951 -0.370828411122688 -0.171723574533682 0.714898450522847 -0.336219169155426 0.006306946952977 0.708695951102176 -0.358261068836542 0.060409723105508 0.666579811793002 -0.437659121638779 0.061321632300689
0.307658310215876 -0.631565727740920 -0.487997380725126 0.505387941050490 -0.499523258845282 -0.425201585015409 0.625694150747358 -0.423120444600654 -0.280418803417009 0.713303667749051 -0.339573438297650 -0.070214753828832 0.708695951102176 -0.358261068836542 0.060409723105508 0.666579811793002 -0.437659121638779 0.061321632300689 0.598340478375653 -0.539798309458112 0.035769889948106
0.419526715661286 -0.559252536462334 -0.467280355858176 0.575183272050934 -0.456623493737025 -0.359334965081971 0.684160908287951 -0.370828411122688 -0.171723574533682 0.714898450522847 -0.336219169155426 0.006306946952977 0.666579811793002 -0.437659121638779 0.061321632300689 0.598340478375653 -0.539798309458112 0.035769889948106 0.541585280983528 -0.612689320304740 0.018207873101181
0.505387941050490 -0.499523258845282 -0.425201585015409 0.625694150747358 -0.423120444600654 -0.280418803417009 0.713303667749051 -0.339573438297650 -0.070214753828832 0.708695951102176 -0.358261068836542 0.060409723105508 0.598340478375653 -0.539798309458112 0.035769889948106 0.541585280983528 -0.612689320304740 0.018207873101181 0.446649495198788 -0.692826299038602 -0.065171909497597
0.575183272050934 -0.456623493737025 -0.359334965081971 0.684160908287951 -0.370828411122688 -0.171723574533682 0.714898450522847 -0.336219169155426 0.006306946952977 0.666579811793002 -0.437659121638779 0.061321632300689 0.541585280983528 -0.612689320304740 0.018207873101181 0.446649495198788 -0.692826299038602 -0.065171909497597 0.315140400928555 -0.746426599588585 -0.192598096853903
0.625694150747358 -0.423120444600654 -0.280418803417009 0.713303667749051 -0.339573438297650 -0.070214753828832 0.708695951102176 -0.358261068836542 0.060409723105508 0.598340478375653 -0.539798309458112 0.035769889948106 0.446649495198788 -0.692826299038602 -0.065171909497597 0.315140400928555 -0.746426599588585 -0.192598096853903 0.175128955146003 -0.744606520968401 -0.333011308773351
0.684160908287951 -0.370828411122688 -0.171723574533682 0.714898450522847 -0.336219169155426 0.006306946952977 0.666579811793002 -0.437659121638779 0.061321632300689 0.541585280983528 -0.612689320304740 0.018207873101181 0.315140400928555 -0.746426599588585 -0.192598096853903 0.175128955146003 -0.744606520968401 -0.333011308773351 0.138194621664806 -0.735825919379652 -0.372187353436171
0.713303667749051 -0.339573438297650 -0.070214753828832 0.708695951102176 -0.358261068836542 0.060409723105508 0.598340478375653 -0.539798309458112 0.035769889948106 0.446649495198788 -0.692826299038602 -0.065171909497597 0.175128955146003 -0.744606520968401 -0.333011308773351 0.138194621664806 -0.735825919379652 -0.372187353436171 0.038675986407091 -0.700626434323814 -0.448092329991589
0.714898450522847 -0.336219169155426 0.006306946952977 0.666579811793002 -0.437659121638779 0.061321632300689 0.541585280983528 -0.612689320304740 0.018207873101181 0.315140400928555 -0.746426599588585 -0.192598096853903 0.138194621664806 -0.735825919379652 -0.372187353436171 0.038675986407091 -0.700626434323814 -0.448092329991589 -0.002078412193962 -0.682582187407193 -0.471855296686023
0.708695951102176 -0.358261068836542 0.060409723105508 0.598340478375653 -0.539798309458112 0.035769889948106 0.446649495198788 -0.692826299038602 -0.065171909497597 0.175128955146003 -0.744606520968401 -0.333011308773351 0.038675986407091 -0.700626434323814 -0.448092329991589 -0.002078412193962 -0.682582187407193 -0.471855296686023 0.029573846596821 -0.694080678917651 -0.451974718656430
0.666579811793002 -0.437659121638779 0.061321632300689 0.541585280983528 -0.612689320304740 0.018207873101181 0.315140400928555 -0.746426599588585 -0.192598096853903 0.138194621664806 -0.735825919379652 -0.372187353436171 -0.002078412193962 -0.682582187407193 -0.471855296686023 0.029573846596821 -0.694080678917651 -0.451974718656430 0.151748907437581 -0.732004351580942 -0.378337003838636
0.598340478375653 -0.539798309458112 0.035769889948106 0.446649495198788 -0.692826299038602 -0.065171909497597 0.175128955146003 -0.744606520968401 -0.333011308773351 0.038675986407091 -0.700626434323814 -0.448092329991589 0.029573846596821 -0.694080678917651 -0.451974718656430 0.151748907437581 -0.732004351580942 -0.378337003838636 0.163744089711886 -0.728315866674768 -0.392048946424679
0.541585280983528 -0.612689320304740 0.018207873101181 0.315140400928555 -0.746426599588585 -0.192598096853903 0.138194621664806 -0.735825919379652 -0.372187353436171 -0.002078412193962 -0.682582187407193 -0.471855296686023 0.151748907437581 -0.732004351580942 -0.378337003838636 0.163744089711886 -0.728315866674768 -0.392048946424679 0.141720315495646 -0.717411425093823 -0.428092880792968
0.446649495198788 -0.692826299038602 -0.065171909497597 0.175128955146003 -0.744606520968401 -0.333011308773351 0.038675986407091 -0.700626434323814 -0.448092329991589 0.029573846596821 -0.694080678917651 -0.451974718656430 0.163744089711886 -0.728315866674768 -0.392048946424679 0.141720315495646 -0.717411425093823 -0.428092880792968 0.052647907601971 -0.691903019073370 -0.491588468250044
0.315140400928555 -0.746426599588585 -0.192598096853903 0.138194621664806 -0.735825919379652 -0.372187353436171 -0.002078412193962 -0.682582187407193 -0.471855296686023 0.151748907437581 -0.732004351580942 -0.378337003838636 0.141720315495646 -0.717411425093823 -0.428092880792968 0.052647907601971 -0.691903019073370 -0.491588468250044 -0.086555215397443 -0.645128261524746 -0.550847726192461
0.175128955146003 -0.744606520968401 -0.333011308773351 0.038675986407091 -0.700626434323814 -0.448092329991589 0.029573846596821 -0.694080678917651 -0.451974718656430 0.163744089711886 -0.728315866674768 -0.392048946424679 0.052647907601971 -0.691903019073370 -0.491588468250044 -0.086555215397443 -0.645128261524746 -0.550847726192461 -0.270396884571394 -0.578533748360767 -0.574503836035362
0.138194621664806 -0.735825919379652 -0.372187353436171 -0.002078412193962 -0.682582187407193 -0.471855296686023 0.151748907437581 -0.732004351580942 -0.378337003838636 0.141720315495646 -0.717411425093823 -0.428092880792968 -0.086555215397443 -0.645128261524746 -0.550847726192461 -0.270396884571394 -0.578533748360767 -0.574503836035362 -0.423226543795952 -0.519918593964552 -0.549313424428967
0.038675986407091 -0.700626434323814 -0.448092329991589 0.029573846596821 -0.694080678917651 -0.451974718656430 0.163744089711886 -0.728315866674768 -0.392048946424679 0.052647907601971 -0.691903019073370 -0.491588468250044 -0.270396884571394 -0.578533748360767 -0.574503836035362 -0.423226543795952 -0.519918593964552 -0.549313424428967 -0.472705126339114 -0.514999466056132 -0.529113695029274
-0.002078412193962 -0.682582187407193 -0.471855296686023 0.151748907437581 -0.732004351580942 -0.378337003838636 0.141720315495646 -0.717411425093823 -0.428092880792968 -0.086555215397443 -0.645128261524746 -0.550847726192461 -0.423226543795952 -0.519918593964552 -0.549313424428967 -0.472705126339114 -0.514999466056132 -0.529113695029274 -0.464384835519161 -0.530571051762299 -0.542779543185488
0.029573846596821 -0.694080678917651 -0.451974718656430 0.163744089711886 -0.728315866674768 -0.392048946424679 0.052647907601971 -0.691903019073370 -0.491588468250044 -0.270396884571394 -0.578533748360767 -0.574503836035362 -0.472705126339114 -0.514999466056132 -0.529113695029274 -0.464384835519161 -0.530571051762299 -0.542779543185488 -0.420590298928493 -0.564706168388771 -0.563419410922589
0.151748907437581 -0.732004351580942 -0.378337003838636 0.141720315495646 -0.717411425093823 -0.428092880792968 -0.086555215397443 -0.645128261524746 -0.550847726192461 -0.423226543795952 -0.519918593964552 -0.549313424428967 -0.464384835519161 -0.530571051762299 -0.542779543185488 -0.420590298928493 -0.564706168388771 -0.563419410922589 -0.326186572097295 -0.626921562099751 -0.574363995156492
0.163744089711886 -0.728315866674768 -0.392048946424679 0.052647907601971 -0.691903019073370 -0.491588468250044 -0.270396884571394 -0.578533748360767 -0.574503836035362 -0.472705126339114 -0.514999466056132 -0.529113695029274 -0.420590298928493 -0.564706168388771 -0.563419410922589 -0.326186572097295 -0.626921562099751 -0.574363995156492 -0.187077494431287 -0.704294978933837 -0.554363303661669
0.141720315495646 -0.717411425093823 -0.428092880792968 -0.086555215397443 -0.645128261524746 -0.550847726192461 -0.423226543795952 -0.519918593964552 -0.549313424428967 -0.464384835519161 -0.530571051762299 -0.542779543185488 -0.326186572097295 -0.626921562099751 -0.574363995156492 -0.187077494431287 -0.704294978933837 -0.554363303661669 -0.058217410890456 -0.756908662378428 -0.513413360364156
0.052647907601971 -0.691903019073370 -0.491588468250044 -0.270396884571394 -0.578533748360767 -0.574503836035362 -0.472705126339114 -0.514999466056132 -0.529113695029274 -0.420590298928493 -0.564706168388771 -0.563419410922589 -0.187077494431287 -0.704294978933837 -0.554363303661669 -0.058217410890456 -0.756908662378428 -0.513413360364156 0.079286073852622 -0.794504906541545 -0.448498561792986
-0.086555215397443 -0.645128261524746 -0.550847726192461 -0.423226543795952 -0.519918593964552 -0.549313424428967 -0.464384835519161 -0.530571051762299 -0.542779543185488 -0.326186572097295 -0.626921562099751 -0.574363995156492 -0.058217410890456 -0.756908662378428 -0.513413360364156 0.079286073852622 -0.794504906541545 -0.448498561792986 0.187540081133879 -0.802911966704990 -0.387402526774877
-0.270396884571394 -0.578533748360767 -0.574503836035362 -0.472705126339114 -0.514999466056132 -0.529113695029274 -0.420590298928493 -0.564706168388771 -0.563419410922589 -0.187077494431287 -0.704294978933837 -0.554363303661669 0.079286073852622 -0.794504906541545 -0.448498561792986 0.187540081133879 -0.802911966704990 -0.387402526774877 0.270715543066275 -0.798580438373718 -0.330138049343635
-0.423226543795952 -0.519918593964552 -0.549313424428967 -0.464384835519161 -0.530571051762299 -0.542779543185488 -0.326186572097295 -0.626921562099751 -0.574363995156492 -0.058217410890456 -0.756908662378428 -0.513413360364156 0.187540081133879 -0.802911966704990 -0.387402526774877 0.270715543066275 -0.798580438373718 -0.330138049343635 0.314113477411839 -0.795500029221192 -0.286637445061594
-0.472705126339114 -0.514999466056132 -0.529113695029274 -0.420590298928493 -0.564706168388771 -0.563419410922589 -0.187077494431287 -0.704294978933837 -0.554363303661669 0.079286073852622 -0.794504906541545 -0.448498561792986 0.270715543066275 -0.798580438373718 -0.330138049343635 0.314113477411839 -0.795500029221192 -0.286637445061594 0.315470922306146 -0.793744461625301 -0.275981266241451
-0.464384835519161 -0.530571051762299 -0.542779543185488 -0.326186572097295 -0.626921562099751 -0.574363995156492 -0.058217410890456 -0.756908662378428 -0.513413360364156 0.187540081133879 -0.802911966704990 -0.387402526774877 0.314113477411839 -0.795500029221192 -0.286637445061594 0.315470922306146 -0.793744461625301 -0.275981266241451 0.299314378799413 -0.792636886289043 -0.283534032326992
-0.420590298928493 -0.564706168388771 -0.563419410922589 -0.187077494431287 -0.704294978933837 -0.554363303661669 0.079286073852622 -0.794504906541545 -0.448498561792986 0.270715543066275 -0.798580438373718 -0.330138049343635 0.315470922306146 -0.793744461625301 -0.275981266241451 0.299314378799413 -0.792636886289043 -0.283534032326992 0.277775919991514 -0.790525513573901 -0.292772173174382
-0.326186572097295 -0.626921562099751 -0.574363995156492 -0.058217410890456 -0.756908662378428 -0.513413360364156 0.187540081133879 -0.802911966704990 -0.387402526774877 0.314113477411839 -0.795500029221192 -0.286637445061594 0.299314378799413 -0.792636886289043 -0.283534032326992 0.277775919991514 -0.790525513573901 -0.292772173174382 0.285587646451049 -0.785794431429298 -0.284363693605922
-0.187077494431287 -0.704294978933837 -0.554363303661669 0.079286073852622 -0.794504906541545 -0.448498561792986 0.270715543066275 -0.798580438373718 -0.330138049343635 0.315470922306146 -0.793744461625301 -0.275981266241451 0.277775919991514 -0.790525513573901 -0.292772173174382 0.285587646451049 -0.785794431429298 -0.284363693605922 0.300385259267422 -0.775422448043576 -0.275641372018680
-0.058217410890456 -0.756908662378428 -0.513413360364156 0.187540081133879 -0.802911966704990 -0.387402526774877 0.314113477411839 -0.795500029221192 -0.286637445061594 0.299314378799413 -0.792636886289043 -0.283534032326992 0.285587646451049 -0.785794431429298 -0.284363693605922 0.300385259267422 -0.775422448043576 -0.275641372018680 0.353251918693260 -0.754014460851679 -0.245543283791997
0.079286073852622 -0.794504906541545 -0.448498561792986 0.270715543066275 -0.798580438373718 -0.330138049343635 0.315470922306146 -0.793744461625301 -0.275981266241451 0.277775919991514 -0.790525513573901 -0.292772173174382 0.300385259267422 -0.775422448043576 -0.275641372018680 0.353251918693260 -0.754014460851679 -0.245543283791997 0.407552593214951 -0.726507088748224 -0.210704521100929
0.187540081133879 -0.802911966704990 -0.387402526774877 0.314113477411839 -0.795500029221192 -0.286637445061594 0.299314378799413 -0.792636886289043 -0.283534032326992 0.285587646451049 -0.785794431429298 -0.284363693605922 0.353251918693260 -0.754014460851679 -0.245543283791997 0.407552593214951 -0.726507088748224 -0.210704521100929 0.436459729302586 -0.706424348279926 -0.179011687010941
0.270715543066275 -0.798580438373718 -0.330138049343635 0.315470922306146 -0.793744461625301 -0.275981266241451 0.277775919991514 -0.790525513573901 -0.292772173174382 0.300385259267422 -0.775422448043576 -0.275641372018680 0.407552593214951 -0.726507088748224 -0.210704521100929 0.436459729302586 -0.706424348279926 -0.179011687010941 0.426307041570452 -0.706095182871971 -0.166529126253087
0.314113477411839 -0.795500029221192 -0.286637445061594 0.299314378799413 -0.792636886289043 -0.283534032326992 0.285587646451049 -0.785794431429298 -0.284363693605922 0.353251918693260 -0.754014460851679 -0.245543283791997 0.436459729302586 -0.706424348279926 -0.179011687010941 0.426307041570452 -0.706095182871971 -0.166529126253087 0.376487232333230 -0.718015975015033 -0.180700857916694
0.315470922306146 -0.793744461625301 -0.275981266241451 0.277775919991514 -0.790525513573901 -0.292772173174382 0.300385259267422 -0.775422448043576 -0.275641372018680 0.407552593214951 -0.726507088748224 -0.210704521100929 0.426307041570452 -0.706095182871971 -0.166529126253087 0.376487232333230 -0.718015975015033 -0.180700857916694 0.289310736710869 -0.734998725783419 -0.216446954937599
0.299314378799413 -0.792636886289043 -0.283534032326992 0.285587646451049 -0.785794431429298 -0.284363693605922 0.353251918693260 -0.754014460851679 -0.245543283791997 0.436459729302586 -0.706424348279926 -0.179011687010941 0.376487232333230 -0.718015975015033 -0.180700857916694 0.289310736710869 -0.734998725783419 -0.216446954937599 0.176453868084974 -0.741296503546962 -0.277975990753000
0.277775919991514 -0.790525513573901 -0.292772173174382 0.300385259267422 -0.775422448043576 -0.275641372018680 0.407552593214951 -0.726507088748224 -0.210704521100929 0.426307041570452 -0.706095182871971 -0.166529126253087 0.289310736710869 -0.734998725783419 -0.216446954937599 0.176453868084974 -0.741296503546962 -0.277975990753000 0.063300572587964 -0.723488021205385 -0.348680721945530
0.285587646451049 -0.785794431429298 -0.284363693605922 0.353251918693260 -0.754014460851679 -0.245543283791997 0.436459729302586 -0.706424348279926 -0.179011687010941 0.376487232333230 -0.718015975015033 -0.180700857916694 0.176453868084974 -0.741296503546962 -0.277975990753000 0.063300572587964 -0.723488021205385 -0.348680721945530 -0.014966848636713 -0.694992396358015 -0.407058529521493
0.300385259267422 -0.775422448043576 -0.275641372018680 0.407552593214951 -0.726507088748224 -0.210704521100929 0.426307041570452 -0.706095182871971 -0.166529126253087 0.289310736710869 -0.734998725783419 -0.216446954937599 0.063300572587964 -0.723488021205385 -0.348680721945530 -0.014966848636713 -0.694992396358015 -0.407058529521493 -0.049996701191629 -0.668324357803087 -0.446714127984359
0.353251918693260 -0.754014460851679 -0.245543283791997 0.436459729302586 -0.706424348279926 -0.179011687010941 0.376487232333230 -0.718015975015033 -0.180700857916694 0.176453868084974 -0.741296503546962 -0.277975990753000 -0.014966848636713 -0.694992396358015 -0.407058529521493 -0.049996701191629 -0.668324357803087 -0.446714127984359 -0.020463615776523 -0.654304471332419 -0.470505767872306
0.407552593214951 -0.726507088748224 -0.210704521100929 0.426307041570452 -0.706095182871971 -0.166529126253087 0.289310736710869 -0.734998725783419 -0.216446954937599 0.063300572587964 -0.723488021205385 -0.348680721945530 -0.049996701191629 -0.668324357803087 -0.446714127984359 -0.020463615776523 -0.654304471332419 -0.470505767872306 0.016027486927839 -0.643025741436932 -0.487793846415915
0.436459729302586 -0.706424348279926 -0.179011687010941 0.376487232333230 -0.718015975015033 -0.180700857916694 0.176453868084974 -0.741296503546962 -0.277975990753000 -0.014966848636713 -0.694992396358015 -0.407058529521493 -0.020463615776523 -0.654304471332419 -0.470505767872306 0.016027486927839 -0.643025741436932 -0.487793846415915 0.084694114555507 -0.633865544521931 -0.484672126733859
0.426307041570452 -0.706095182871971 -0.166529126253087 0.289310736710869 -0.734998725783419 -0.216446954937599 0.063300572587964 -0.723488021205385 -0.348680721945530 -0.049996701191629 -0.668324357803087 -0.446714127984359 0.016027486927839 -0.643025741436932 -0.487793846415915 0.084694114555507 -0.633865544521931 -0.484672126733859 0.177964482546415 -0.621609809496496 -0.458801853770474
0.376487232333230 -0.718015975015033 -0.180700857916694 0.176453868084974 -0.741296503546962 -0.277975990753000 -0.014966848636713 -0.694992396358015 -0.407058529521493 -0.020463615776523 -0.654304471332419 -0.470505767872306 0.084694114555507 -0.633865544521931 -0.484672126733859 0.177964482546415 -0.621609809496496 -0.458801853770474 0.272239515954408 -0.594518567237623 -0.418268591790771
0.289310736710869 -0.734998725783419 -0.216446954937599 0.063300572587964 -0.723488021205385 -0.348680721945530 -0.049996701191629 -0.668324357803087 -0.446714127984359 0.016027486927839 -0.643025741436932 -0.487793846415915 0.177964482546415 -0.621609809496496 -0.458801853770474 0.272239515954408 -0.594518567237623 -0.418268591790771 0.341785348412613 -0.571432856622205 -0.369272809162458
0.176453868084974 -0.741296503546962 -0.277975990753000 -0.014966848636713 -0.694992396358015 -0.407058529521493 -0.020463615776523 -0.654304471332419 -0.470505767872306 0.084694114555507 -0.633865544521931 -0.484672126733859 0.272239515954408 -0.594518567237623 -0.418268591790771 0.341785348412613 -0.571432856622205 -0.369272809162458 0.408521605982625 -0.552904737992283 -0.298841211202381
0.063300572587964 -0.723488021205385 -0.348680721945530 -0.049996701191629 -0.668324357803087 -0.446714127984359 0.016027486927839 -0.643025741436932 -0.487793846415915 0.177964482546415 -0.621609809496496 -0.458801853770474 0.341785348412613 -0.571432856622205 -0.369272809162458 0.408521605982625 -0.552904737992283 -0.298841211202381 0.441927613635606 -0.544868357794263 -0.246512541867326
-0.014966848636713 -0.694992396358015 -0.407058529521493 -0.020463615776523 -0.654304471332419 -0.470505767872306 0.084694114555507 -0.633865544521931 -0.484672126733859 0.272239515954408 -0.594518567237623 -0.418268591790771 0.408521605982625 -0.552904737992283 -0.298841211202381 0.441927613635606 -0.544868357794263 -0.246512541867326 0.451959936106976 -0.552118904284593 -0.208818845297788
-0.049996701191629 -0.668324357803087 -0.446714127984359 0.016027486927839 -0.643025741436932 -0.487793846415915 0.177964482546415 -0.621609809496496 -0.458801853770474 0.341785348412613 -0.571432856622205 -0.369272809162458 0.441927613635606 -0.544868357794263 -0.246512541867326 0.451959936106976 -0.552118904284593 -0.208818845297788 0.435696720627204 -0.583029794869845 -0.185997640907286
-0.020463615776523 -0.654304471332419 -0.470505767872306 0.084694114555507 -0.633865544521931 -0.484672126733859 0.272239515954408 -0.594518567237623 -0.418268591790771 0.408521605982625 -0.552904737992283 -0.298841211202381 0.451959936106976 -0.552118904284593 -0.208818845297788 0.435696720627204 -0.583029794869845 -0.185997640907286 0.415801551080900 -0.618294569199391 -0.164498655451654
0.016027486927839 -0.643025741436932 -0.487793846415915 0.177964482546415 -0.621609809496496 -0.458801853770474 0.341785348412613 -0.571432856622205 -0.369272809162458 0.441927613635606 -0.544868357794263 -0.246512541867326 0.435696720627204 -0.583029794869845 -0.185997640907286 0.415801551080900 -0.618294569199391 -0.164498655451654 0.384922203691388 -0.654461943869404 -0.160601108182191
0.084694114555507 -0.633865544521931 -0.484672126733859 0.272239515954408 -0.594518567237623 -0.418268591790771 0.408521605982625 -0.552904737992283 -0.298841211202381 0.451959936106976 -0.552118904284593 -0.208818845297788 0.415801551080900 -0.618294569199391 -0.164498655451654 0.384922203691388 -0.654461943869404 -0.160601108182191 0.363889579872456 -0.678313107192191 -0.162725814925857
0.177964482546415 -0.621609809496496 -0.458801853770474 0.341785348412613 -0.571432856622205 -0.369272809162458 0.441927613635606 -0.544868357794263 -0.246512541867326 0.435696720627204 -0.583029794869845 -0.185997640907286 0.384922203691388 -0.654461943869404 -0.160601108182191 0.363889579872456 -0.678313107192191 -0.162725814925857 0.339877930060705 -0.696069944833960 -0.177056537488609
0.272239515954408 -0.594518567237623 -0.418268591790771 0.408521605982625 -0.552904737992283 -0.298841211202381 0.451959936106976 -0.552118904284593 -0.208818845297788 0.415801551080900 -0.618294569199391 -0.164498655451654 0.363889579872456 -0.678313107192191 -0.162725814925857 0.339877930060705 -0.696069944833960 -0.177056537488609 0.324728424620315 -0.708181773606075 -0.184673119942750
0.341785348412613 -0.571432856622205 -0.369272809162458 0.441927613635606 -0.544868357794263 -0.246512541867326 0.435696720627204 -0.583029794869845 -0.185997640907286 0.384922203691388 -0.654461943869404 -0.160601108182191 0.339877930060705 -0.696069944833960 -0.177056537488609 0.324728424620315 -0.708181773606075 -0.184673119942750 0.319227530821945 -0.717328943899444 -0.183317455222754
0.408521605982625 -0.552904737992283 -0.298841211202381 0.451959936106976 -0.552118904284593 -0.208818845297788 0.415801551080900 -0.618294569199391 -0.164498655451654 0.363889579872456 -0.678313107192191 -0.162725814925857 0.324728424620315 -0.708181773606075 -0.184673119942750 0.319227530821945 -0.717328943899444 -0.183317455222754 0.302663584336134 -0.726603435884422 -0.198557256686837
0.441927613635606 -0.544868357794263 -0.246512541867326 0.435696720627204 -0.583029794869845 -0.185997640907286 0.384922203691388 -0.654461943869404 -0.160601108182191 0.339877930060705 -0.696069944833960 -0.177056537488609 0.319227530821945 -0.717328943899444 -0.183317455222754 0.302663584336134 -0.726603435884422 -0.198557256686837 0.289535640631610 -0.733562898784389 -0.207330309142591
0.451959936106976 -0.552118904284593 -0.208818845297788 0.415801551080900 -0.618294569199391 -0.164498655451654 0.363889579872456 -0.678313107192191 -0.162725814925857 0.324728424620315 -0.708181773606075 -0.184673119942750 0.302663584336134 -0.726603435884422 -0.198557256686837 0.289535640631610 -0.733562898784389 -0.207330309142591 0.291917376685982 -0.735787573975055 -0.207374746033169
0.435696720627204 -0.583029794869845 -0.185997640907286 0.384922203691388 -0.654461943869404 -0.160601108182191 0.339877930060705 -0.696069944833960 -0.177056537488609 0.319227530821945 -0.717328943899444 -0.183317455222754 0.289535640631610 -0.733562898784389 -0.207330309142591 0.291917376685982 -0.735787573975055 -0.207374746033169 0.292347800053134 -0.741470829287127 -0.205698931326499
0.415801551080900 -0.618294569199391 -0.164498655451654 0.363889579872456 -0.678313107192191 -0.162725814925857 0.324728424620315 -0.708181773606075 -0.184673119942750 0.302663584336134 -0.726603435884422 -0.198557256686837 0.291917376685982 -0.735787573975055 -0.207374746033169 0.292347800053134 -0.741470829287127 -0.205698931326499 0.268556152936499 -0.749899552103256 -0.226551734867660
0.384922203691388 -0.654461943869404 -0.160601108182191 0.339877930060705 -0.696069944833960 -0.177056537488609 0.319227530821945 -0.717328943899444 -0.183317455222754 0.289535640631610 -0.733562898784389 -0.207330309142591 0.292347800053134 -0.741470829287127 -0.205698931326499 0.268556152936499 -0.749899552103256 -0.226551734867660 0.250494005432905 -0.753365023821741 -0.249887521302115
0.363889579872456 -0.678313107192191 -0.162725814925857 0.324728424620315 -0.708181773606075 -0.184673119942750 0.302663584336134 -0.726603435884422 -0.198557256686837 0.291917376685982 -0.735787573975055 -0.207374746033169 0.268556152936499 -0.749899552103256 -0.226551734867660 0.250494005432905 -0.753365023821741 -0.249887521302115 0.236840335526894 -0.754154073736197 -0.265939786435902
0.339877930060705 -0.696069944833960 -0.177056537488609 0.319227530821945 -0.717328943899444 -0.183317455222754 0.289535640631610 -0.733562898784389 -0.207330309142591 0.292347800053134 -0.741470829287127 -0.205698931326499 0.250494005432905 -0.753365023821741 -0.249887521302115 0.236840335526894 -0.754154073736197 -0.265939786435902 0.206889952964042 -0.753556394181155 -0.291571335781362
0.324728424620315 -0.708181773606075 -0.184673119942750 0.302663584336134 -0.726603435884422 -0.198557256686837 0.291917376685982 -0.735787573975055 -0.207374746033169 0.268556152936499 -0.749899552103256 -0.226551734867660 0.236840335526894 -0.754154073736197 -0.265939786435902 0.206889952964042 -0.753556394181155 -0.291571335781362 0.183165747857990 -0.754449987133053 -0.312226849856180
0.319227530821945 -0.717328943899444 -0.183317455222754 0.289535640631610 -0.733562898784389 -0.207330309142591 0.292347800053134 -0.741470829287127 -0.205698931326499 0.250494005432905 -0.753365023821741 -0.249887521302115 0.206889952964042 -0.753556394181155 -0.291571335781362 0.183165747857990 -0.754449987133053 -0.312226849856180 0.157070322397972 -0.751302181610121 -0.337866990769068
0.302663584336134 -0.726603435884422 -0.198557256686837 0.291917376685982 -0.735787573975055 -0.207374746033169 0.268556152936499 -0.749899552103256 -0.226551734867660 0.236840335526894 -0.754154073736197 -0.265939786435902 0.183165747857990 -0.754449987133053 -0.312226849856180 0.157070322397972 -0.751302181610121 -0.337866990769068 0.141110453462660 -0.748162147665796 -0.354062362577228
0.289535640631610 -0.733562898784389 -0.207330309142591 0.292347800053134 -0.741470829287127 -0.205698931326499 0.250494005432905 -0.753365023821741 -0.249887521302115 0.206889952964042 -0.753556394181155 -0.291571335781362 0.157070322397972 -0.751302181610121 -0.337866990769068 0.141110453462660 -0.748162147665796 -0.354062362577228 0.133163020545018 -0.745940028943349 -0.364941573669375
0.291917376685982 -0.735787573975055 -0.207374746033169 0.268556152936499 -0.749899552103256 -0.226551734867660 0.236840335526894 -0.754154073736197 -0.265939786435902 0.183165747857990 -0.754449987133053 -0.312226849856180 0.141110453462660 -0.748162147665796 -0.354062362577228 0.133163020545018 -0.745940028943349 -0.364941573669375 0.123244183050817 -0.740432465946750 -0.380269442848035
0.292347800053134 -0.741470829287127 -0.205698931326499 0.250494005432905 -0.753365023821741 -0.249887521302115 0.206889952964042 -0.753556394181155 -0.291571335781362 0.157070322397972 -0.751302181610121 -0.337866990769068 0.133163020545018 -0.745940028943349 -0.364941573669375 0.123244183050817 -0.740432465946750 -0.380269442848035 0.115078229262449 -0.736562963782532 -0.391284241647621
0.268556152936499 -0.749899552103256 -0.226551734867660 0.236840335526894 -0.754154073736197 -0.265939786435902 0.183165747857990 -0.754449987133053 -0.312226849856180 0.141110453462660 -0.748162147665796 -0.354062362577228 0.123244183050817 -0.740432465946750 -0.380269442848035 0.115078229262449 -0.736562963782532 -0.391284241647621 0.109618734417298 -0.732413840033871 -0.400326902729828
0.250494005432905 -0.753365023821741 -0.249887521302115 0.206889952964042 -0.753556394181155 -0.291571335781362 0.157070322397972 -0.751302181610121 -0.337866990769068 0.133163020545018 -0.745940028943349 -0.364941573669375 0.115078229262449 -0.736562963782532 -0.391284241647621 0.109618734417298 -0.732413840033871 -0.400326902729828 0.108569011646141 -0.727624245808752 -0.407201849924768
0.236840335526894 -0.754154073736197 -0.265939786435902 0.183165747857990 -0.754449987133053 -0.312226849856180 0.141110453462660 -0.748162147665796 -0.354062362577228 0.123244183050817 -0.740432465946750 -0.380269442848035 0.109618734417298 -0.732413840033871 -0.400326902729828 0.108569011646141 -0.727624245808752 -0.407201849924768 0.105634537593202 -0.724056045705977 -0.412632688266981
0.206889952964042 -0.753556394181155 -0.291571335781362 0.157070322397972 -0.751302181610121 -0.337866990769068 0.133163020545018 -0.745940028943349 -0.364941573669375 0.115078229262449 -0.736562963782532 -0.391284241647621 0.108569011646141 -0.727624245808752 -0.407201849924768 0.105634537593202 -0.724056045705977 -0.412632688266981 0.104082554845524 -0.721300038072388 -0.416139607525448
0.183165747857990 -0.754449987133053 -0.312226849856180 0.141110453462660 -0.748162147665796 -0.354062362577228 0.123244183050817 -0.740432465946750 -0.380269442848035 0.109618734417298 -0.732413840033871 -0.400326902729828 0.105634537593202 -0.724056045705977 -0.412632688266981 0.104082554845524 -0.721300038072388 -0.416139607525448 0.103592796771363 -0.719122500161918 -0.418792840303563
0.157070322397972 -0.751302181610121 -0.337866990769068 0.133163020545018 -0.745940028943349 -0.364941573669375 0.115078229262449 -0.736562963782532 -0.391284241647621 0.108569011646141 -0.727624245808752 -0.407201849924768 0.104082554845524 -0.721300038072388 -0.416139607525448 0.103592796771363 -0.719122500161918 -0.418792840303563 0.102123089115731 -0.717583555188161 -0.421321188973339
0.141110453462660 -0.748162147665796 -0.354062362577228 0.123244183050817 -0.740432465946750 -0.380269442848035 0.109618734417298 -0.732413840033871 -0.400326902729828 0.105634537593202 -0.724056045705977 -0.412632688266981 0.103592796771363 -0.719122500161918 -0.418792840303563 0.102123089115731 -0.717583555188161 -0.421321188973339 0.101650356126800 -0.716148742722138 -0.422900142389582
0.133163020545018 -0.745940028943349 -0.364941573669375 0.115078229262449 -0.736562963782532 -0.391284241647621 0.108569011646141 -0.727624245808752 -0.407201849924768 0.104082554845524 -0.721300038072388 -0.416139607525448 0.102123089115731 -0.717583555188161 -0.421321188973339 0.101650356126800 -0.716148742722138 -0.422900142389582 0.101051800388209 -0.715103472028670 -0.424118471781178
0.123244183050817 -0.740432465946750 -0.380269442848035 0.109618734417298 -0.732413840033871 -0.400326902729828 0.105634537593202 -0.724056045705977 -0.412632688266981 0.103592796771363 -0.719122500161918 -0.418792840303563 0.101650356126800 -0.716148742722138 -0.422900142389582 0.101051800388209 -0.715103472028670 -0.424118471781178 0.099229074229305 -0.714652735872787 -0.425412142141056
0.115078229262449 -0.736562963782532 -0.391284241647621 0.108569011646141 -0.727624245808752 -0.407201849924768 0.104082554845524 -0.721300038072388 -0.416139607525448 0.102123089115731 -0.717583555188161 -0.421321188973339 0.101051800388209 -0.715103472028670 -0.424118471781178 0.099229074229305 -0.714652735872787 -0.425412142141056 0.097562517557217 -0.714503507961513 -0.426299263766273
0.109618734417298 -0.732413840033871 -0.400326902729828 0.105634537593202 -0.724056045705977 -0.412632688266981 0.103592796771363 -0.719122500161918 -0.418792840303563 0.101650356126800 -0.716148742722138 -0.422900142389582 0.099229074229305 -0.714652735872787 -0.425412142141056 0.097562517557217 -0.714503507961513 -0.426299263766273 0.095990331870957 -0.714570456128530 -0.426783291568238
0.108569011646141 -0.727624245808752 -0.407201849924768 0.104082554845524 -0.721300038072388 -0.416139607525448 0.102123089115731 -0.717583555188161 -0.421321188973339 0.101051800388209 -0.715103472028670 -0.424118471781178 0.097562517557217 -0.714503507961513 -0.426299263766273 0.095990331870957 -0.714570456128530 -0.426783291568238 0.095153388539328 -0.714562516752958 -0.426873332717386
0.105634537593202 -0.724056045705977 -0.412632688266981 0.103592796771363 -0.719122500161918 -0.418792840303563 0.101650356126800 -0.716148742722138 -0.422900142389582 0.099229074229305 -0.714652735872787 -0.425412142141056 0.095990331870957 -0.714570456128530 -0.426783291568238 0.095153388539328 -0.714562516752958 -0.426873332717386 0.094683955054326 -0.714598543579476 -0.426703521496137
0.104082554845524 -0.721300038072388 -0.416139607525448 0.102123089115731 -0.717583555188161 -0.421321188973339 0.101051800388209 -0.715103472028670 -0.424118471781178 0.097562517557217 -0.714503507961513 -0.426299263766273 0.095153388539328 -0.714562516752958 -0.426873332717386 0.094683955054326 -0.714598543579476 -0.426703521496137 0.094170091551528 -0.714669028527292 -0.426610760044763
0.103592796771363 -0.719122500161918 -0.418792840303563 0.101650356126800 -0.716148742722138 -0.422900142389582 0.099229074229305 -0.714652735872787 -0.425412142141056 0.095990331870957 -0.714570456128530 -0.426783291568238 0.094683955054326 -0.714598543579476 -0.426703521496137 0.094170091551528 -0.714669028527292 -0.426610760044763 0.093602727830565 -0.714692295875217 -0.426743869235085
0.102123089115731 -0.717583555188161 -0.421321188973339 0.101051800388209 -0.715103472028670 -0.424118471781178 0.097562517557217 -0.714503507961513 -0.426299263766273 0.095153388539328 -0.714562516752958 -0.426873332717386 0.094170091551528 -0.714669028527292 -0.426610760044763 0.093602727830565 -0.714692295875217 -0.426743869235085 0.093185548855331 -0.714721534881794 -0.426796655265324
0.101650356126800 -0.716148742722138 -0.422900142389582 0.099229074229305 -0.714652735872787 -0.425412142141056 0.095990331870957 -0.714570456128530 -0.426783291568238 0.094683955054326 -0.714598543579476 -0.426703521496137 0.093602727830565 -0.714692295875217 -0.426743869235085 0.093185548855331 -0.714721534881794 -0.426796655265324 0.092901621218655 -0.714736990670121 -0.426809403304393
0.101051800388209 -0.715103472028670 -0.424118471781178 0.097562517557217 -0.714503507961513 -0.426299263766273 0.095153388539328 -0.714562516752958 -0.426873332717386 0.094170091551528 -0.714669028527292 -0.426610760044763 0.093185548855331 -0.714721534881794 -0.426796655265324 0.092901621218655 -0.714736990670121 -0.426809403304393 0.092681621372273 -0.714756038705835 -0.426808223381225
0.099229074229305 -0.714652735872787 -0.425412142141056 0.095990331870957 -0.714570456128530 -0.426783291568238 0.094683955054326 -0.714598543579476 -0.426703521496137 0.093602727830565 -0.714692295875217 -0.426743869235085 0.092901621218655 -0.714736990670121 -0.426809403304393 0.092681621372273 -0.714756038705835 -0.426808223381225 0.092482826613106 -0.714771267803960 -0.426823330108740
0.097562517557217 -0.714503507961513 -0.426299263766273 0.095153388539328 -0.714562516752958 -0.426873332717386 0.094170091551528 -0.714669028527292 -0.426610760044763 0.093185548855331 -0.714721534881794 -0.426796655265324 0.092681621372273 -0.714756038705835 -0.426808223381225 0.092482826613106 -0.714771267803960 -0.426823330108740 0.092323286659527 -0.714783505282761 -0.426842422325541
0.095990331870957 -0.714570456128530 -0.426783291568238 0.094683955054326 -0.714598543579476 -0.426703521496137 0.093602727830565 -0.714692295875217 -0.426743869235085 0.092901621218655 -0.714736990670121 -0.426809403304393 0.092482826613106 -0.714771267803960 -0.426823330108740 0.092323286659527 -0.714783505282761 -0.426842422325541 0.092208914468779 -0.714791823945368 -0.426852029617065
0.095153388539328 -0.714562516752958 -0.426873332717386 0.094170091551528 -0.714669028527292 -0.426610760044763 0.093185548855331 -0.714721534881794 -0.426796655265324 0.092681621372273 -0.714756038705835 -0.426808223381225 0.092323286659527 -0.714783505282761 -0.426842422325541 0.092208914468779 -0.714791823945368 -0.426852029617065 0.092107130577819 -0.714800639828797 -0.426857672540077
0.094683955054326 -0.714598543579476 -0.426703521496137 0.093602727830565 -0.714692295875217 -0.426743869235085 0.092901621218655 -0.714736990670121 -0.426809403304393 0.092482826613106 -0.714771267803960 -0.426823330108740 0.092208914468779 -0.714791823945368 -0.426852029617065 0.092107130577819 -0.714800639828797 -0.426857672540077 0.092035308283680 -0.714805896900021 -0.426864889041216
0.094170091551528 -0.714669028527292 -0.426610760044763 0.093185548855331 -0.714721534881794 -0.426796655265324 0.092681621372273 -0.714756038705835 -0.426808223381225 0.092323286659527 -0.714783505282761 -0.426842422325541 0.092107130577819 -0.714800639828797 -0.426857672540077 0.092035308283680 -0.714805896900021 -0.426864889041216 0.091983403847610 -0.714808694019688 -0.426868506120444
0.093602727830565 -0.714692295875217 -0.426743869235085 0.092901621218655 -0.714736990670121 -0.426809403304393 0.092482826613106 -0.714771267803960 -0.426823330108740 0.092208914468779 -0.714791823945368 -0.426852029617065 0.092035308283680 -0.714805896900021 -0.426864889041216 0.091983403847610 -0.714808694019688 -0.426868506120444 0.091932168211362 -0.714812778813800 -0.426873194585544
0.093185548855331 -0.714721534881794 -0.426796655265324 0.092681621372273 -0.714756038705835 -0.426808223381225 0.092323286659527 -0.714783505282761 -0.426842422325541 0.092107130577819 -0.714800639828797 -0.426857672540077 0.091983403847610 -0.714808694019688 -0.426868506120444 0.091932168211362 -0.714812778813800 -0.426873194585544 0.091891749112365 -0.714817038237758 -0.426876749554723
0.092901621218655 -0.714736990670121 -0.426809403304393 0.092482826613106 -0.714771267803960 -0.426823330108740 0.092208914468779 -0.714791823945368 -0.426852029617065 0.092035308283680 -0.714805896900021 -0.426864889041216 0.091932168211362 -0.714812778813800 -0.426873194585544 0.091891749112365 -0.714817038237758 -0.426876749554723 0.091868795912841 -0.714820141337453 -0.426876562349628
0.092681621372273 -0.714756038705835 -0.426808223381225 0.092323286659527 -0.714783505282761 -0.426842422325541 0.092107130577819 -0.714800639828797 -0.426857672540077 0.091983403847610 -0.714808694019688 -0.426868506120444 0.091891749112365 -0.714817038237758 -0.426876749554723 0.091868795912841 -0.714820141337453 -0.426876562349628 0.091845117324011 -0.714819754841481 -0.426878937928190
0.092482826613106 -0.714771267803960 -0.426823330108740 0.092208914468779 -0.714791823945368 -0.426852029617065 0.092035308283680 -0.714805896900021 -0.426864889041216 0.091932168211362 -0.714812778813800 -0.426873194585544 0.091868795912841 -0.714820141337453 -0.426876562349628 0.091845117324011 -0.714819754841481 -0.426878937928190 0.091827481039704 -0.714820964023006 -0.426880596482795
0.092323286659527 -0.714783505282761 -0.426842422325541 0.092107130577819 -0.714800639828797 -0.426857672540077 0.091983403847610 -0.714808694019688 -0.426868506120444 0.091891749112365 -0.714817038237758 -0.426876749554723 0.091845117324011 -0.714819754841481 -0.426878937928190 0.091827481039704 -0.714820964023006 -0.426880596482795 0.091810132868321 -0.714822927540838 -0.426881984091243
0.092208914468779 -0.714791823945368 -0.426852029617065 0.092035308283680 -0.714805896900021 -0.426864889041216 0.091932168211362 -0.714812778813800 -0.426873194585544 0.091868795912841 -0.714820141337453 -0.426876562349628 0.091827481039704 -0.714820964023006 -0.426880596482795 0.091810132868321 -0.714822927540838 -0.426881984091243 0.091802522384920 -0.714822537570205 -0.426883140651342
0.092107130577819 -0.714800639828797 -0.426857672540077 0.091983403847610 -0.714808694019688 -0.426868506120444 0.091891749112365 -0.714817038237758 -0.426876749554723 0.091845117324011 -0.714819754841481 -0.426878937928190 0.091810132868321 -0.714822927540838 -0.426881984091243 0.091802522384920 -0.714822537570205 -0.426883140651342 0.091793012261593 -0.714824958554212 -0.426884141626494
0.092035308283680 -0.714805896900021 -0.426864889041216 0.091932168211362 -0.714812778813800 -0.426873194585544 0.091868795912841 -0.714820141337453 -0.426876562349628 0.091827481039704 -0.714820964023006 -0.426880596482795 0.091802522384920 -0.714822537570205 -0.426883140651342 0.091793012261593 -0.714824958554212 -0.426884141626494 0.091781230132780 -0.714826124602322 -0.426884683285576
0.091983403847610 -0.714808694019688 -0.426868506120444 0.091891749112365 -0.714817038237758 -0.426876749554723 0.091845117324011 -0.714819754841481 -0.426878937928190 0.091810132868321 -0.714822927540838 -0.426881984091243 0.091793012261593 -0.714824958554212 -0.426884141626494 0.091781230132780 -0.714826124602322 -0.426884683285576 0.091776992414006 -0.714826484497894 -0.426885531404899
0.091932168211362 -0.714812778813800 -0.426873194585544 0.091868795912841 -0.714820141337453 -0.426876562349628 0.091827481039704 -0.714820964023006 -0.426880596482795 0.091802522384920 -0.714822537570205 -0.426883140651342 0.091781230132780 -0.714826124602322 -0.426884683285576 0.091776992414006 -0.714826484497894 -0.426885531404899 0.091775591217305 -0.714825646321193 -0.426885563315093
0.091891749112365 -0.714817038237758 -0.426876749554723 0.091845117324011 -0.714819754841481 -0.426878937928190 0.091810132868321 -0.714822927540838 -0.426881984091243 0.091793012261593 -0.714824958554212 -0.426884141626494 0.091776992414006 -0.714826484497894 -0.426885531404899 0.091775591217305 -0.714825646321193 -0.426885563315093 0.091776093738114 -0.714826686787929 -0.426884639135153
0.091868795912841 -0.714820141337453 -0.426876562349628 0.091827481039704 -0.714820964023006 -0.426880596482795 0.091802522384920 -0.714822537570205 -0.426883140651342 0.091781230132780 -0.714826124602322 -0.426884683285576 0.091775591217305 -0.714825646321193 -0.426885563315093 0.091776093738114 -0.714826686787929 -0.426884639135153 0.091767589534518 -0.714826703306804 -0.426885603274041
0.091845117324011 -0.714819754841481 -0.426878937928190 0.091810132868321 -0.714822927540838 -0.426881984091243 0.091793012261593 -0.714824958554212 -0.426884141626494 0.091776992414006 -0.714826484497894 -0.426885531404899 0.091776093738114 -0.714826686787929 -0.426884639135153 0.091767589534518 -0.714826703306804 -0.426885603274041 0.091771292905653 -0.714824104566227 -0.426888283204677
0.091827481039704 -0.714820964023006 -0.426880596482795 0.091802522384920 -0.714822537570205 -0.426883140651342 0.091781230132780 -0.714826124602322 -0.426884683285576 0.091775591217305 -0.714825646321193 -0.426885563315093 0.091767589534518 -0.714826703306804 -0.426885603274041 0.091771292905653 -0.714824104566227 -0.426888283204677 0.091766407644269 -0.714825991662942 -0.426887717482492
0.091810132868321 -0.714822927540838 -0.426881984091243 0.091793012261593 -0.714824958554212 -0.426884141626494 0.091776992414006 -0.714826484497894 -0.426885531404899 0.091776093738114 -0.714826686787929 -0.426884639135153 0.091771292905653 -0.714824104566227 -0.426888283204677 0.091766407644269 -0.714825991662942 -0.426887717482492 0.091766221108472 -0.714825863252978 -0.426885985060636
0.091802522384920 -0.714822537570205 -0.426883140651342 0.091781230132780 -0.714826124602322 -0.426884683285576 0.091775591217305 -0.714825646321193 -0.426885563315093 0.091767589534518 -0.714826703306804 -0.426885603274041 0.091766407644269 -0.714825991662942 -0.426887717482492 0.091766221108472 -0.714825863252978 -0.426885985060636 0.091765396390506 -0.714825605466522 -0.426888188629063
0.091793012261593 -0.714824958554212 -0.426884141626494 0.091776992414006 -0.714826484497894 -0.426885531404899 0.091776093738114 -0.714826686787929 -0.426884639135153 0.091771292905653 -0.714824104566227 -0.426888283204677 0.091766221108472 -0.714825863252978 -0.426885985060636 0.091765396390506 -0.714825605466522 -0.426888188629063 0.091766036545116 -0.714825312608936 -0.426886946794372
0.091781230132780 -0.714826124602322 -0.426884683285576 0.091775591217305 -0.714825646321193 -0.426885563315093 0.091767589534518 -0.714826703306804 -0.426885603274041 0.091766407644269 -0.714825991662942 -0.426887717482492 0.091765396390506 -0.714825605466522 -0.426888188629063 0.091766036545116 -0.714825312608936 -0.426886946794372 0.091764602338741 -0.714825018143753 -0.426887709058481
0.091776992414006 -0.714826484497894 -0.426885531404899 0.091776093738114 -0.714826686787929 -0.426884639135153 0.091771292905653 -0.714824104566227 -0.426888283204677 0.091766221108472 -0.714825863252978 -0.426885985060636 0.091766036545116 -0.714825312608936 -0.426886946794372 0.091764602338741 -0.714825018143753 -0.426887709058481 0.091763837216511 -0.714824997847898 -0.426887553714515
0.091775591217305 -0.714825646321193 -0.426885563315093 0.091767589534518 -0.714826703306804 -0.426885603274041 0.091766407644269 -0.714825991662942 -0.426887717482492 0.091765396390506 -0.714825605466522 -0.426888188629063 0.091764602338741 -0.714825018143753 -0.426887709058481 0.091763837216511 -0.714824997847898 -0.426887553714515 0.091763837216511 -0.714824997847898 -0.426887553714515
0.091776093738114 -0.714826686787929 -0.426884639135153 0.091771292905653 -0.714824104566227 -0.426888283204677 0.091766221108472 -0.714825863252978 -0.426885985060636 0.091766036545116 -0.714825312608936 -0.426886946794372 0.091763837216511 -0.714824997847898 -0.426887553714515 0.091763837216511 -0.714824997847898 -0.426887553714515 0.091763561563718 -0.714824951925115 -0.426887336065933
0.091767589534518 -0.714826703306804 -0.426885603274041 0.091766407644269 -0.714825991662942 -0.426887717482492 0.091765396390506 -0.714825605466522 -0.426888188629063 0.091764602338741 -0.714825018143753 -0.426887709058481 0.091763837216511 -0.714824997847898 -0.426887553714515 0.091763561563718 -0.714824951925115 -0.426887336065933 0.091762578243296 -0.714826262699396 -0.426886060139189
0.091771292905653 -0.714824104566227 -0.426888283204677 0.091766221108472 -0.714825863252978 -0.426885985060636 0.091766036545116 -0.714825312608936 -0.426886946794372 0.091763837216511 -0.714824997847898 -0.426887553714515 0.091763561563718 -0.714824951925115 -0.426887336065933 0.091762578243296 -0.714826262699396 -0.426886060139189 0.091763508549020 -0.714824811427256 -0.426887582726216
0.091766407644269 -0.714825991662942 -0.426887717482492 0.091765396390506 -0.714825605466522 -0.426888188629063 0.091764602338741 -0.714825018143753 -0.426887709058481 0.091763837216511 -0.714824997847898 -0.426887553714515 0.091762578243296 -0.714826262699396 -0.426886060139189 0.091763508549020 -0.714824811427256 -0.426887582726216 0.091762986776880 -0.714825138436304 -0.426887501108446
